0.0000 -0.1241
0.0002 -0.2568
0.0004 -0.3658
0.0006 -0.4274
0.0008 -0.4132
0.0010 -0.3705
0.0012 -0.2805
0.0014 -0.1478
0.0016 -0.0103
0.0018 0.1319
0.0020 0.2409
0.0022 0.3215
0.0024 0.3832
0.0026 0.3879
0.0028 0.3358
0.0030 0.2504
0.0032 0.1367
0.0034 0.0134
0.0036 -0.1383
0.0038 -0.2663
0.0040 -0.3468
0.0042 -0.3895
0.0044 -0.4037
0.0046 -0.3516
0.0048 -0.2568
0.0050 -0.1288
0.0052 0.0276
0.0054 0.1509
0.0056 0.2552
0.0058 0.3310
0.0060 0.3595
0.0062 0.3595
0.0064 0.3168
0.0066 0.2315
0.0068 0.1177
0.0070 -0.0150
0.0072 -0.1620
0.0074 -0.2757
0.0076 -0.3563
0.0078 -0.3895
0.0080 -0.3705
0.0082 -0.3184
0.0084 -0.2331
0.0086 -0.1051
0.0088 0.0419
0.0090 0.1604
0.0092 0.2599
0.0094 0.3310
0.0096 0.3642
0.0098 0.3452
0.0100 0.2836
0.0102 0.1983
0.0104 0.0940
0.0106 -0.0340
0.0108 -0.1667
0.0110 -0.2805
0.0112 -0.3468
0.0114 -0.3753
0.0116 -0.3658
0.0118 -0.2994
0.0120 -0.1904
0.0122 -0.0624
0.0124 0.0656
0.0126 0.1698
0.0128 0.2646
0.0130 0.3263
0.0132 0.3452
0.0134 0.3263
0.0136 0.2694
0.0138 0.1746
0.0140 0.0656
0.0142 -0.0719
0.0144 -0.1904
0.0146 -0.2852
0.0148 -0.3468
0.0150 -0.3658
0.0152 -0.3374
0.0154 -0.2710
0.0156 -0.1715
0.0158 -0.0435
0.0160 0.0940
0.0162 0.1983
0.0164 0.2694
0.0166 0.3215
0.0168 0.3358
0.0170 0.3026
0.0172 0.2362
0.0174 0.1509
0.0176 0.0466
0.0178 -0.0861
0.0180 -0.2094
0.0182 -0.2947
0.0184 -0.3421
0.0186 -0.3468
0.0188 -0.3184
0.0190 -0.2426
0.0192 -0.1335
0.0194 -0.0103
0.0196 0.1035
0.0198 0.1983
0.0200 0.2789
0.0202 0.3215
0.0204 0.3168
0.0206 0.2789
0.0208 0.2172
0.0210 0.1224
0.0212 0.0134
0.0214 -0.1098
0.0216 -0.2141
0.0218 -0.2947
0.0220 -0.3374
0.0222 -0.3421
0.0224 -0.2947
0.0226 -0.2189
0.0228 -0.1098
0.0230 0.0229
0.0232 0.1319
0.0234 0.2172
0.0236 0.2694
0.0238 0.3073
0.0240 0.3073
0.0242 0.2646
0.0244 0.1935
0.0246 0.1035
0.0248 -0.0103
0.0250 -0.1335
0.0252 -0.2378
0.0254 -0.2994
0.0256 -0.3231
0.0258 -0.3137
0.0260 -0.2757
0.0262 -0.1904
0.0264 -0.0766
0.0266 0.0419
0.0268 0.1367
0.0270 0.2220
0.0272 0.2836
0.0274 0.3026
0.0276 0.2836
0.0278 0.2362
0.0280 0.1698
0.0282 0.0750
0.0284 -0.0387
0.0286 -0.1525
0.0288 -0.2426
0.0290 -0.3042
0.0292 -0.3279
0.0294 -0.3042
0.0296 -0.2426
0.0298 -0.1525
0.0300 -0.0529
0.0302 0.0656
0.0304 0.1556
0.0306 0.2315
0.0308 0.2694
0.0310 0.2931
0.0312 0.2741
0.0314 0.2220
0.0316 0.1367
0.0318 0.0466
0.0320 -0.0672
0.0322 -0.1667
0.0324 -0.2520
0.0326 -0.2947
0.0328 -0.3089
0.0331 -0.2805
0.0333 -0.2283
0.0335 -0.1335
0.0337 -0.0245
0.0339 0.0845
0.0341 0.1651
0.0343 0.2362
0.0345 0.2741
0.0347 0.2836
0.0349 0.2457
0.0351 0.1935
0.0353 0.1224
0.0355 0.0276
0.0357 -0.0909
0.0359 -0.1857
0.0361 -0.2520
0.0363 -0.2947
0.0365 -0.2994
0.0367 -0.2663
0.0369 -0.1952
0.0371 -0.1051
0.0373 -0.0008
0.0375 0.1035
0.0377 0.1841
0.0379 0.2409
0.0381 0.2694
0.0383 0.2646
0.0385 0.2362
0.0387 0.1746
0.0389 0.0893
0.0391 -0.0008
0.0393 -0.1051
0.0395 -0.1904
0.0397 -0.2663
0.0399 -0.2900
0.0401 -0.2852
0.0403 -0.2426
0.0405 -0.1715
0.0407 -0.0766
0.0409 0.0371
0.0411 0.1224
0.0413 0.1888
0.0415 0.2409
0.0417 0.2694
0.0419 0.2552
0.0421 0.2125
0.0423 0.1556
0.0425 0.0750
0.0427 -0.0292
0.0429 -0.1335
0.0431 -0.2094
0.0433 -0.2568
0.0435 -0.2805
0.0437 -0.2710
0.0439 -0.2236
0.0441 -0.1430
0.0443 -0.0529
0.0445 0.0513
0.0447 0.1367
0.0449 0.2078
0.0451 0.2504
0.0453 0.2552
0.0455 0.2362
0.0457 0.1983
0.0459 0.1319
0.0461 0.0466
0.0463 -0.0529
0.0465 -0.1430
0.0467 -0.2189
0.0469 -0.2663
0.0471 -0.2757
0.0473 -0.2473
0.0475 -0.1952
0.0477 -0.1241
0.0479 -0.0245
0.0481 0.0750
0.0483 0.1461
0.0485 0.2030
0.0487 0.2409
0.0489 0.2504
0.0491 0.2267
0.0493 0.1746
0.0495 0.1082
0.0497 0.0276
0.0499 -0.0719
0.0501 -0.1620
0.0503 -0.2236
0.0505 -0.2568
0.0507 -0.2663
0.0509 -0.2378
0.0511 -0.1762
0.0513 -0.0909
0.0515 0.0039
0.0517 0.0893
0.0519 0.1604
0.0521 0.2125
0.0523 0.2409
0.0525 0.2315
0.0527 0.2078
0.0529 0.1604
0.0531 0.0893
0.0533 -0.0008
0.0535 -0.0956
0.0537 -0.1715
0.0539 -0.2331
0.0541 -0.2615
0.0543 -0.2520
0.0545 -0.2141
0.0547 -0.1478
0.0549 -0.0719
0.0551 0.0276
0.0553 0.1082
0.0555 0.1746
0.0557 0.2125
0.0559 0.2362
0.0561 0.2315
0.0563 0.1935
0.0565 0.1319
0.0567 0.0656
0.0569 -0.0198
0.0571 -0.1098
0.0573 -0.1857
0.0575 -0.2378
0.0577 -0.2520
0.0579 -0.2378
0.0581 -0.1999
0.0583 -0.1288
0.0585 -0.0387
0.0587 0.0466
0.0589 0.1177
0.0591 0.1746
0.0593 0.2172
0.0595 0.2267
0.0597 0.2125
0.0599 0.1746
0.0601 0.1177
0.0603 0.0419
0.0605 -0.0529
0.0607 -0.1288
0.0609 -0.1904
0.0611 -0.2331
0.0613 -0.2473
0.0615 -0.2236
0.0617 -0.1715
0.0619 -0.1051
0.0621 -0.0245
0.0623 0.0656
0.0625 0.1367
0.0627 0.1841
0.0629 0.2125
0.0631 0.2172
0.0633 0.2030
0.0635 0.1556
0.0637 0.0893
0.0639 0.0229
0.0641 -0.0672
0.0643 -0.1430
0.0645 -0.2094
0.0647 -0.2331
0.0649 -0.2331
0.0651 -0.2094
0.0653 -0.1572
0.0655 -0.0814
0.0657 0.0087
0.0659 0.0893
0.0661 0.1414
0.0663 0.1888
0.0665 0.2172
0.0667 0.2125
0.0669 0.1793
0.0671 0.1367
0.0673 0.0750
0.0675 -0.0008
0.0677 -0.0909
0.0679 -0.1572
0.0681 -0.2046
0.0683 -0.2283
0.0685 -0.2331
0.0687 -0.1857
0.0689 -0.1288
0.0691 -0.0529
0.0693 0.0276
0.0695 0.0987
0.0697 0.1604
0.0699 0.1935
0.0701 0.2078
0.0703 0.2030
0.0705 0.1746
0.0707 0.1177
0.0709 0.0513
0.0711 -0.0292
0.0713 -0.1051
0.0715 -0.1667
0.0717 -0.2141
0.0719 -0.2236
0.0721 -0.2094
0.0723 -0.1667
0.0725 -0.1146
0.0727 -0.0340
0.0729 0.0513
0.0731 0.1177
0.0733 0.1604
0.0735 0.1935
0.0737 0.2078
0.0739 0.1888
0.0741 0.1461
0.0743 0.0987
0.0745 0.0371
0.0747 -0.0482
0.0749 -0.1241
0.0751 -0.1762
0.0753 -0.2094
0.0755 -0.2189
0.0757 -0.1999
0.0759 -0.1478
0.0761 -0.0814
0.0763 -0.0103
0.0765 0.0656
0.0767 0.1272
0.0769 0.1746
0.0771 0.1935
0.0773 0.1935
0.0775 0.1746
0.0777 0.1414
0.0779 0.0845
0.0781 0.0087
0.0783 -0.0672
0.0785 -0.1288
0.0787 -0.1857
0.0789 -0.2141
0.0791 -0.2046
0.0793 -0.1762
0.0795 -0.1288
0.0797 -0.0672
0.0799 0.0182
0.0801 0.0893
0.0803 0.1367
0.0805 0.1698
0.0807 0.1935
0.0809 0.1888
0.0811 0.1604
0.0813 0.1130
0.0815 0.0608
0.0817 -0.0103
0.0819 -0.0861
0.0821 -0.1478
0.0823 -0.1857
0.0825 -0.1999
0.0827 -0.1952
0.0829 -0.1667
0.0831 -0.1098
0.0833 -0.0387
0.0835 0.0419
0.0837 0.0940
0.0839 0.1461
0.0841 0.1793
0.0843 0.1888
0.0845 0.1746
0.0847 0.1461
0.0849 0.1035
0.0851 0.0419
0.0853 -0.0387
0.0855 -0.1004
0.0857 -0.1525
0.0859 -0.1857
0.0861 -0.2046
0.0863 -0.1857
0.0865 -0.1430
0.0867 -0.0909
0.0869 -0.0198
0.0871 0.0561
0.0873 0.1130
0.0875 0.1509
0.0877 0.1746
0.0879 0.1841
0.0881 0.1698
0.0883 0.1319
0.0885 0.0798
0.0887 0.0229
0.0889 -0.0482
0.0891 -0.1193
0.0893 -0.1667
0.0895 -0.1904
0.0897 -0.1904
0.0899 -0.1715
0.0901 -0.1288
0.0903 -0.0672
0.0905 0.0087
0.0907 0.0703
0.0909 0.1177
0.0911 0.1604
0.0913 0.1841
0.0915 0.1793
0.0917 0.1509
0.0919 0.1130
0.0921 0.0656
0.0923 -0.0008
0.0925 -0.0719
0.0927 -0.1241
0.0929 -0.1667
0.0931 -0.1857
0.0933 -0.1857
0.0935 -0.1572
0.0937 -0.1051
0.0939 -0.0482
0.0941 0.0229
0.0943 0.0845
0.0945 0.1319
0.0947 0.1604
0.0949 0.1698
0.0951 0.1698
0.0953 0.1461
0.0955 0.0987
0.0957 0.0419
0.0959 -0.0245
0.0961 -0.0814
0.0963 -0.1335
0.0965 -0.1762
0.0967 -0.1809
0.0969 -0.1667
0.0971 -0.1383
0.0973 -0.0909
0.0975 -0.0245
0.0977 0.0466
0.0979 0.0987
0.0981 0.1319
0.0983 0.1604
0.0985 0.1746
0.0988 0.1604
0.0990 0.1224
0.0992 0.0845
0.0994 0.0324
0.0996 -0.0435
0.0998 -0.1051
0.1000 -0.1430
0.1002 -0.1715
0.1004 -0.1762
0.1006 -0.1620
0.1008 -0.1241
0.1010 -0.0672
0.1012 -0.0055
0.1014 0.0561
0.1016 0.1082
0.1018 0.1461
0.1020 0.1651
0.1022 0.1604
0.1024 0.1461
0.1026 0.1177
0.1028 0.0656
0.1030 0.0087
0.1032 -0.0577
0.1034 -0.1098
0.1036 -0.1525
0.1038 -0.1762
0.1040 -0.1715
0.1042 -0.1430
0.1044 -0.1051
0.1046 -0.0529
0.1048 0.0182
0.1050 0.0750
0.1052 0.1177
0.1054 0.1414
0.1056 0.1651
0.1058 0.1604
0.1060 0.1367
0.1062 0.0940
0.1064 0.0513
0.1066 -0.0103
0.1068 -0.0766
0.1070 -0.1288
0.1072 -0.1572
0.1074 -0.1667
0.1076 -0.1572
0.1078 -0.1383
0.1080 -0.0861
0.1082 -0.0245
0.1084 0.0324
0.1086 0.0798
0.1088 0.1272
0.1090 0.1509
0.1092 0.1604
0.1094 0.1461
0.1096 0.1224
0.1098 0.0845
0.1100 0.0324
0.1102 -0.0340
0.1104 -0.0861
0.1106 -0.1288
0.1108 -0.1620
0.1110 -0.1667
0.1112 -0.1478
0.1114 -0.1146
0.1116 -0.0719
0.1118 -0.0103
0.1120 0.0561
0.1122 0.1035
0.1124 0.1319
0.1126 0.1461
0.1128 0.1556
0.1130 0.1414
0.1132 0.1082
0.1134 0.0656
0.1136 0.0134
0.1138 -0.0482
0.1140 -0.1051
0.1142 -0.1430
0.1144 -0.1620
0.1146 -0.1572
0.1148 -0.1383
0.1150 -0.1051
0.1152 -0.0529
0.1154 0.0134
0.1156 0.0656
0.1158 0.1035
0.1160 0.1367
0.1162 0.1509
0.1164 0.1461
0.1166 0.1224
0.1168 0.0940
0.1170 0.0561
0.1172 -0.0055
0.1174 -0.0672
0.1176 -0.1098
0.1178 -0.1430
0.1180 -0.1525
0.1182 -0.1525
0.1184 -0.1241
0.1186 -0.0814
0.1188 -0.0340
0.1190 0.0276
0.1192 0.0798
0.1194 0.1177
0.1196 0.1414
0.1198 0.1414
0.1200 0.1414
0.1202 0.1177
0.1204 0.0798
0.1206 0.0324
0.1208 -0.0245
0.1210 -0.0766
0.1212 -0.1193
0.1214 -0.1478
0.1216 -0.1525
0.1218 -0.1383
0.1220 -0.1098
0.1222 -0.0672
0.1224 -0.0103
0.1226 0.0466
0.1228 0.0845
0.1230 0.1177
0.1232 0.1414
0.1234 0.1461
0.1236 0.1319
0.1238 0.1035
0.1240 0.0656
0.1242 0.0182
0.1244 -0.0435
0.1246 -0.0909
0.1248 -0.1241
0.1250 -0.1430
0.1252 -0.1478
0.1254 -0.1335
0.1256 -0.0956
0.1258 -0.0482
0.1260 0.0087
0.1262 0.0561
0.1264 0.0987
0.1266 0.1272
0.1268 0.1367
0.1270 0.1367
0.1272 0.1177
0.1274 0.0940
0.1276 0.0466
0.1278 -0.0055
0.1280 -0.0577
0.1282 -0.0956
0.1284 -0.1335
0.1286 -0.1478
0.1288 -0.1383
0.1290 -0.1146
0.1292 -0.0814
0.1294 -0.0340
0.1296 0.0276
0.1298 0.0703
0.1300 0.1035
0.1302 0.1272
0.1304 0.1367
0.1306 0.1319
0.1308 0.1035
0.1310 0.0750
0.1312 0.0324
0.1314 -0.0198
0.1316 -0.0672
0.1318 -0.1098
0.1320 -0.1335
0.1322 -0.1430
0.1324 -0.1288
0.1326 -0.1098
0.1328 -0.0624
0.1330 -0.0103
0.1332 0.0371
0.1334 0.0798
0.1336 0.1130
0.1338 0.1319
0.1340 0.1367
0.1342 0.1177
0.1344 0.0987
0.1346 0.0656
0.1348 0.0182
0.1350 -0.0387
0.1352 -0.0814
0.1354 -0.1146
0.1356 -0.1383
0.1358 -0.1383
0.1360 -0.1193
0.1362 -0.0861
0.1364 -0.0482
0.1366 0.0039
0.1368 0.0561
0.1370 0.0940
0.1372 0.1130
0.1374 0.1272
0.1376 0.1272
0.1378 0.1177
0.1380 0.0798
0.1382 0.0466
0.1384 0.0039
0.1386 -0.0482
0.1388 -0.0909
0.1390 -0.1241
0.1392 -0.1288
0.1394 -0.1288
0.1396 -0.1146
0.1398 -0.0766
0.1400 -0.0292
0.1402 0.0276
0.1404 0.0656
0.1406 0.0940
0.1408 0.1224
0.1410 0.1319
0.1412 0.1177
0.1414 0.0987
0.1416 0.0750
0.1418 0.0371
0.1420 -0.0198
0.1422 -0.0672
0.1424 -0.1004
0.1426 -0.1241
0.1428 -0.1335
0.1430 -0.1241
0.1432 -0.0956
0.1434 -0.0577
0.1436 -0.0150
0.1438 0.0371
0.1440 0.0750
0.1442 0.1035
0.1444 0.1177
0.1446 0.1224
0.1448 0.1130
0.1450 0.0940
0.1452 0.0608
0.1454 0.0182
0.1456 -0.0340
0.1458 -0.0719
0.1460 -0.1098
0.1462 -0.1288
0.1464 -0.1241
0.1466 -0.1098
0.1468 -0.0861
0.1470 -0.0482
0.1472 0.0087
0.1474 0.0513
0.1476 0.0798
0.1478 0.1082
0.1480 0.1224
0.1482 0.1224
0.1484 0.1082
0.1486 0.0798
0.1488 0.0466
0.1490 0.0039
0.1492 -0.0482
0.1494 -0.0861
0.1496 -0.1098
0.1498 -0.1241
0.1500 -0.1241
0.1502 -0.1051
0.1504 -0.0672
0.1506 -0.0245
0.1508 0.0182
0.1510 0.0608
0.1512 0.0940
0.1514 0.1130
0.1516 0.1177
0.1518 0.1130
0.1520 0.0987
0.1522 0.0703
0.1524 0.0276
0.1526 -0.0150
0.1528 -0.0577
0.1530 -0.0909
0.1532 -0.1193
0.1534 -0.1241
0.1536 -0.1098
0.1538 -0.0909
0.1540 -0.0577
0.1542 -0.0150
0.1544 0.0371
0.1546 0.0703
0.1548 0.0940
0.1550 0.1130
0.1552 0.1177
0.1554 0.1082
0.1556 0.0845
0.1558 0.0561
0.1560 0.0229
0.1562 -0.0292
0.1564 -0.0719
0.1566 -0.1051
0.1568 -0.1146
0.1570 -0.1193
0.1572 -0.1051
0.1574 -0.0814
0.1576 -0.0387
0.1578 0.0087
0.1580 0.0466
0.1582 0.0798
0.1584 0.1035
0.1586 0.1177
0.1588 0.1082
0.1590 0.0987
0.1592 0.0750
0.1594 0.0466
0.1596 -0.0008
0.1598 -0.0435
0.1600 -0.0766
0.1602 -0.1051
0.1604 -0.1193
0.1606 -0.1146
0.1608 -0.0909
0.1610 -0.0624
0.1612 -0.0292
0.1614 0.0182
0.1616 0.0608
0.1618 0.0893
0.1620 0.1035
0.1622 0.1082
0.1624 0.1082
0.1626 0.0940
0.1628 0.0608
0.1630 0.0276
0.1632 -0.0103
0.1634 -0.0529
0.1636 -0.0909
0.1638 -0.1098
0.1640 -0.1098
0.1642 -0.1051
0.1645 -0.0861
0.1647 -0.0529
0.1649 -0.0055
0.1651 0.0324
0.1653 0.0656
0.1655 0.0893
0.1657 0.1082
0.1659 0.1130
0.1661 0.0987
0.1663 0.0798
0.1665 0.0561
0.1667 0.0182
0.1669 -0.0340
0.1671 -0.0672
0.1673 -0.0909
0.1675 -0.1098
0.1677 -0.1146
0.1679 -0.0956
0.1681 -0.0672
0.1683 -0.0340
0.1685 0.0039
0.1687 0.0466
0.1689 0.0798
0.1691 0.0987
0.1693 0.1035
0.1695 0.1035
0.1697 0.0987
0.1699 0.0703
0.1701 0.0371
0.1703 -0.0008
0.1705 -0.0387
0.1707 -0.0719
0.1709 -0.1004
0.1711 -0.1098
0.1713 -0.1051
0.1715 -0.0861
0.1717 -0.0624
0.1719 -0.0245
0.1721 0.0229
0.1723 0.0561
0.1725 0.0798
0.1727 0.0987
0.1729 0.1082
0.1731 0.0987
0.1733 0.0845
0.1735 0.0608
0.1737 0.0276
0.1739 -0.0150
0.1741 -0.0577
0.1743 -0.0814
0.1745 -0.1004
0.1747 -0.1051
0.1749 -0.1004
0.1751 -0.0766
0.1753 -0.0435
0.1755 -0.0055
0.1757 0.0276
0.1759 0.0608
0.1761 0.0940
0.1763 0.1035
0.1765 0.1035
0.1767 0.0940
0.1769 0.0798
0.1771 0.0513
0.1773 0.0134
0.1775 -0.0292
0.1777 -0.0577
0.1779 -0.0861
0.1781 -0.1051
0.1783 -0.1051
0.1785 -0.0861
0.1787 -0.0624
0.1789 -0.0340
0.1791 0.0087
0.1793 0.0466
0.1795 0.0703
0.1797 0.0893
0.1799 0.0987
0.1801 0.1035
0.1803 0.0893
0.1805 0.0656
0.1807 0.0324
0.1809 -0.0008
0.1811 -0.0387
0.1813 -0.0719
0.1815 -0.0909
0.1817 -0.0956
0.1819 -0.0956
0.1821 -0.0861
0.1823 -0.0529
0.1825 -0.0150
0.1827 0.0229
0.1829 0.0513
0.1831 0.0750
0.1833 0.0987
0.1835 0.1035
0.1837 0.0893
0.1839 0.0798
0.1841 0.0608
0.1843 0.0276
0.1845 -0.0198
0.1847 -0.0482
0.1849 -0.0766
0.1851 -0.0956
0.1853 -0.1051
0.1855 -0.0909
0.1857 -0.0672
0.1859 -0.0435
0.1861 -0.0103
0.1863 0.0324
0.1865 0.0656
0.1867 0.0845
0.1869 0.0940
0.1871 0.0940
0.1873 0.0940
0.1875 0.0703
0.1877 0.0419
0.1879 0.0087
0.1881 -0.0245
0.1883 -0.0577
0.1885 -0.0861
0.1887 -0.0956
0.1889 -0.0909
0.1891 -0.0814
0.1893 -0.0624
0.1895 -0.0292
0.1897 0.0134
0.1899 0.0419
0.1901 0.0656
0.1903 0.0845
0.1905 0.0987
0.1907 0.0940
0.1909 0.0798
0.1911 0.0608
0.1913 0.0371
0.1915 -0.0008
0.1917 -0.0387
0.1919 -0.0672
0.1921 -0.0861
0.1923 -0.0956
0.1925 -0.0956
0.1927 -0.0766
0.1929 -0.0435
0.1931 -0.0150
0.1933 0.0229
0.1935 0.0561
0.1937 0.0798
0.1939 0.0940
0.1941 0.0893
0.1943 0.0893
0.1945 0.0750
0.1947 0.0561
0.1949 0.0182
0.1951 -0.0150
0.1953 -0.0482
0.1955 -0.0719
0.1957 -0.0909
0.1959 -0.0956
0.1961 -0.0814
0.1963 -0.0624
0.1965 -0.0435
0.1967 -0.0008
0.1969 0.0371
0.1971 0.0608
0.1973 0.0750
0.1975 0.0893
0.1977 0.0940
0.1979 0.0845
0.1981 0.0608
0.1983 0.0371
0.1985 0.0134
0.1987 -0.0292
0.1989 -0.0577
0.1991 -0.0814
0.1993 -0.0861
0.1995 -0.0861
0.1997 -0.0814
0.1999 -0.0577
0.2001 -0.0198
0.2003 0.0134
0.2005 0.0419
0.2007 0.0656
0.2009 0.0845
0.2011 0.0893
0.2013 0.0845
0.2015 0.0750
0.2017 0.0608
0.2019 0.0324
0.2021 -0.0103
0.2023 -0.0387
0.2025 -0.0624
0.2027 -0.0814
0.2029 -0.0909
0.2031 -0.0861
0.2033 -0.0624
0.2035 -0.0435
0.2037 -0.0150
0.2039 0.0276
0.2041 0.0561
0.2043 0.0703
0.2045 0.0798
0.2047 0.0893
0.2049 0.0845
0.2051 0.0703
0.2053 0.0419
0.2055 0.0182
0.2057 -0.0150
0.2059 -0.0482
0.2061 -0.0766
0.2063 -0.0861
0.2065 -0.0814
0.2067 -0.0766
0.2069 -0.0624
0.2071 -0.0340
0.2073 0.0039
0.2075 0.0371
0.2077 0.0561
0.2079 0.0798
0.2081 0.0893
0.2083 0.0845
0.2085 0.0750
0.2087 0.0608
0.2089 0.0419
0.2091 0.0087
0.2093 -0.0292
0.2095 -0.0529
0.2097 -0.0719
0.2099 -0.0814
0.2101 -0.0861
0.2103 -0.0672
0.2105 -0.0435
0.2107 -0.0198
0.2109 0.0134
0.2111 0.0419
0.2113 0.0703
0.2115 0.0798
0.2117 0.0845
0.2119 0.0845
0.2121 0.0750
0.2123 0.0513
0.2125 0.0229
0.2127 -0.0103
0.2129 -0.0340
0.2131 -0.0624
0.2133 -0.0766
0.2135 -0.0814
0.2137 -0.0719
0.2139 -0.0624
0.2141 -0.0435
0.2143 -0.0103
0.2145 0.0276
0.2147 0.0513
0.2149 0.0656
0.2151 0.0798
0.2153 0.0845
0.2155 0.0798
0.2157 0.0608
0.2159 0.0419
0.2161 0.0182
0.2163 -0.0150
0.2165 -0.0482
0.2167 -0.0672
0.2169 -0.0766
0.2171 -0.0814
0.2173 -0.0766
0.2175 -0.0529
0.2177 -0.0245
0.2179 0.0039
0.2181 0.0276
0.2183 0.0561
0.2185 0.0798
0.2187 0.0798
0.2189 0.0798
0.2191 0.0703
0.2193 0.0608
0.2195 0.0324
0.2197 -0.0008
0.2199 -0.0292
0.2201 -0.0482
0.2203 -0.0719
0.2205 -0.0814
0.2207 -0.0766
0.2209 -0.0624
0.2211 -0.0482
0.2213 -0.0198
0.2215 0.0182
0.2217 0.0466
0.2219 0.0656
0.2221 0.0703
0.2223 0.0845
0.2225 0.0798
0.2227 0.0656
0.2229 0.0419
0.2231 0.0229
0.2233 -0.0103
0.2235 -0.0387
0.2237 -0.0624
0.2239 -0.0719
0.2241 -0.0766
0.2243 -0.0719
0.2245 -0.0577
0.2247 -0.0292
0.2249 -0.0008
0.2251 0.0276
0.2253 0.0466
0.2255 0.0656
0.2257 0.0798
0.2259 0.0798
0.2261 0.0703
0.2263 0.0608
0.2265 0.0419
0.2267 0.0087
0.2269 -0.0198
0.2271 -0.0482
0.2273 -0.0577
0.2275 -0.0719
0.2277 -0.0766
0.2279 -0.0672
0.2281 -0.0435
0.2283 -0.0245
0.2285 0.0039
0.2287 0.0371
0.2289 0.0608
0.2291 0.0703
0.2293 0.0703
0.2295 0.0750
0.2297 0.0703
0.2299 0.0513
0.2302 0.0276
0.2304 -0.0008
0.2306 -0.0292
0.2308 -0.0529
0.2310 -0.0672
0.2312 -0.0719
0.2314 -0.0672
0.2316 -0.0577
0.2318 -0.0435
0.2320 -0.0103
0.2322 0.0229
0.2324 0.0419
0.2326 0.0561
0.2328 0.0703
0.2330 0.0845
0.2332 0.0703
0.2334 0.0561
0.2336 0.0419
0.2338 0.0229
0.2340 -0.0103
0.2342 -0.0435
0.2344 -0.0577
0.2346 -0.0672
0.2348 -0.0719
0.2350 -0.0672
0.2352 -0.0482
0.2354 -0.0292
0.2356 -0.0008
0.2358 0.0276
0.2360 0.0513
0.2362 0.0703
0.2364 0.0750
0.2366 0.0703
0.2368 0.0656
0.2370 0.0608
0.2372 0.0324
0.2374 0.0039
0.2376 -0.0198
0.2378 -0.0435
0.2380 -0.0624
0.2382 -0.0719
0.2384 -0.0672
0.2386 -0.0577
0.2388 -0.0435
0.2390 -0.0198
0.2392 0.0134
0.2394 0.0371
0.2396 0.0561
0.2398 0.0656
0.2400 0.0750
0.2402 0.0750
0.2404 0.0656
0.2406 0.0419
0.2408 0.0276
0.2410 -0.0008
0.2412 -0.0292
0.2414 -0.0529
0.2416 -0.0624
0.2418 -0.0672
0.2420 -0.0672
0.2422 -0.0577
0.2424 -0.0340
0.2426 -0.0055
0.2428 0.0229
0.2430 0.0371
0.2432 0.0608
0.2434 0.0750
0.2436 0.0750
0.2438 0.0656
0.2440 0.0608
0.2442 0.0419
0.2444 0.0134
0.2446 -0.0150
0.2448 -0.0340
0.2450 -0.0529
0.2452 -0.0624
0.2454 -0.0719
0.2456 -0.0577
0.2458 -0.0435
0.2460 -0.0245
0.2462 0.0039
0.2464 0.0324
0.2466 0.0513
0.2468 0.0656
0.2470 0.0656
0.2472 0.0703
0.2474 0.0656
0.2476 0.0466
0.2478 0.0276
0.2480 0.0039
0.2482 -0.0198
0.2484 -0.0482
0.2486 -0.0624
0.2488 -0.0672
0.2490 -0.0624
0.2492 -0.0529
0.2494 -0.0387
0.2496 -0.0103
0.2498 0.0182
0.2500 0.0371
0.2502 0.0513
0.2504 0.0703
0.2506 0.0703
0.2508 0.0656
0.2510 0.0561
0.2512 0.0419
0.2514 0.0229
0.2516 -0.0055
0.2518 -0.0340
0.2520 -0.0529
0.2522 -0.0577
0.2524 -0.0672
0.2526 -0.0624
0.2528 -0.0482
0.2530 -0.0245
0.2532 -0.0103
0.2534 0.0182
0.2536 0.0466
0.2538 0.0608
0.2540 0.0656
0.2542 0.0656
0.2544 0.0656
0.2546 0.0561
0.2548 0.0324
0.2550 0.0087
0.2552 -0.0150
0.2554 -0.0340
0.2556 -0.0529
0.2558 -0.0672
0.2560 -0.0624
0.2562 -0.0529
0.2564 -0.0387
0.2566 -0.0245
0.2568 0.0087
0.2570 0.0324
0.2572 0.0466
0.2574 0.0608
0.2576 0.0703
0.2578 0.0703
0.2580 0.0608
0.2582 0.0419
0.2584 0.0276
0.2586 0.0039
0.2588 -0.0245
0.2590 -0.0482
0.2592 -0.0529
0.2594 -0.0577
0.2596 -0.0624
0.2598 -0.0529
0.2600 -0.0292
0.2602 -0.0055
0.2604 0.0182
0.2606 0.0324
0.2608 0.0561
0.2610 0.0656
0.2612 0.0656
0.2614 0.0608
0.2616 0.0513
0.2618 0.0419
0.2620 0.0134
0.2622 -0.0103
0.2624 -0.0292
0.2626 -0.0482
0.2628 -0.0577
0.2630 -0.0624
0.2632 -0.0529
0.2634 -0.0387
0.2636 -0.0245
0.2638 -0.0008
0.2640 0.0276
0.2642 0.0466
0.2644 0.0561
0.2646 0.0608
0.2648 0.0656
0.2650 0.0608
0.2652 0.0466
0.2654 0.0276
0.2656 0.0087
0.2658 -0.0150
0.2660 -0.0340
0.2662 -0.0529
0.2664 -0.0577
0.2666 -0.0577
0.2668 -0.0529
0.2670 -0.0387
0.2672 -0.0150
0.2674 0.0134
0.2676 0.0324
0.2678 0.0466
0.2680 0.0608
0.2682 0.0656
0.2684 0.0608
0.2686 0.0513
0.2688 0.0419
0.2690 0.0229
0.2692 -0.0055
0.2694 -0.0292
0.2696 -0.0435
0.2698 -0.0529
0.2700 -0.0577
0.2702 -0.0577
0.2704 -0.0435
0.2706 -0.0245
0.2708 -0.0055
0.2710 0.0182
0.2712 0.0371
0.2714 0.0561
0.2716 0.0608
0.2718 0.0608
0.2720 0.0656
0.2722 0.0513
0.2724 0.0324
0.2726 0.0087
0.2728 -0.0103
0.2730 -0.0340
0.2732 -0.0482
0.2734 -0.0577
0.2736 -0.0529
0.2738 -0.0482
0.2740 -0.0387
0.2742 -0.0198
0.2744 0.0087
0.2746 0.0276
0.2748 0.0371
0.2750 0.0561
0.2752 0.0656
0.2754 0.0656
0.2756 0.0561
0.2758 0.0371
0.2760 0.0276
0.2762 0.0087
0.2764 -0.0198
0.2766 -0.0435
0.2768 -0.0482
0.2770 -0.0577
0.2772 -0.0529
0.2774 -0.0482
0.2776 -0.0292
0.2778 -0.0055
0.2780 0.0134
0.2782 0.0276
0.2784 0.0513
0.2786 0.0608
0.2788 0.0608
0.2790 0.0561
0.2792 0.0513
0.2794 0.0419
0.2796 0.0182
0.2798 -0.0055
0.2800 -0.0198
0.2802 -0.0387
0.2804 -0.0529
0.2806 -0.0577
0.2808 -0.0482
0.2810 -0.0387
0.2812 -0.0245
0.2814 -0.0055
0.2816 0.0229
0.2818 0.0419
0.2820 0.0513
0.2822 0.0561
0.2824 0.0656
0.2826 0.0608
0.2828 0.0419
0.2830 0.0276
0.2832 0.0087
0.2834 -0.0103
0.2836 -0.0340
0.2838 -0.0482
0.2840 -0.0529
0.2842 -0.0482
0.2844 -0.0482
0.2846 -0.0340
0.2848 -0.0103
0.2850 0.0087
0.2852 0.0276
0.2854 0.0419
0.2856 0.0561
0.2858 0.0608
0.2860 0.0561
0.2862 0.0466
0.2864 0.0419
0.2866 0.0229
0.2868 -0.0055
0.2870 -0.0245
0.2872 -0.0340
0.2874 -0.0435
0.2876 -0.0577
0.2878 -0.0529
0.2880 -0.0387
0.2882 -0.0245
0.2884 -0.0055
0.2886 0.0182
0.2888 0.0371
0.2890 0.0513
0.2892 0.0561
0.2894 0.0561
0.2896 0.0608
0.2898 0.0466
0.2900 0.0276
0.2902 0.0087
0.2904 -0.0055
0.2906 -0.0245
0.2908 -0.0482
0.2910 -0.0529
0.2912 -0.0529
0.2914 -0.0482
0.2916 -0.0387
0.2918 -0.0198
0.2920 0.0039
0.2922 0.0276
0.2924 0.0371
0.2926 0.0466
0.2928 0.0608
0.2930 0.0608
0.2932 0.0466
0.2934 0.0371
0.2936 0.0276
0.2938 0.0087
0.2940 -0.0150
0.2942 -0.0340
0.2944 -0.0435
0.2946 -0.0482
0.2948 -0.0529
0.2950 -0.0435
0.2952 -0.0292
0.2954 -0.0103
0.2956 0.0087
0.2959 0.0276
0.2961 0.0466
0.2963 0.0561
0.2965 0.0561
0.2967 0.0561
0.2969 0.0513
0.2971 0.0371
0.2973 0.0134
0.2975 -0.0055
0.2977 -0.0198
0.2979 -0.0340
0.2981 -0.0482
0.2983 -0.0529
0.2985 -0.0435
0.2987 -0.0340
0.2989 -0.0245
0.2991 -0.0008
0.2993 0.0229
0.2995 0.0371
0.2997 0.0466
0.2999 0.0513
0.3001 0.0561
0.3003 0.0561
0.3005 0.0419
0.3007 0.0276
0.3009 0.0134
0.3011 -0.0103
0.3013 -0.0292
0.3015 -0.0435
0.3017 -0.0435
0.3019 -0.0482
0.3021 -0.0482
0.3023 -0.0292
0.3025 -0.0103
0.3027 0.0087
0.3029 0.0229
0.3031 0.0371
0.3033 0.0513
0.3035 0.0561
0.3037 0.0513
0.3039 0.0466
0.3041 0.0419
0.3043 0.0229
0.3045 -0.0008
0.3047 -0.0198
0.3049 -0.0292
0.3051 -0.0435
0.3053 -0.0529
0.3055 -0.0482
0.3057 -0.0340
0.3059 -0.0198
0.3061 -0.0103
0.3063 0.0134
0.3065 0.0371
0.3067 0.0466
0.3069 0.0513
0.3071 0.0561
0.3073 0.0561
0.3075 0.0466
0.3077 0.0276
0.3079 0.0134
0.3081 -0.0055
0.3083 -0.0198
0.3085 -0.0435
0.3087 -0.0482
0.3089 -0.0435
0.3091 -0.0387
0.3093 -0.0340
0.3095 -0.0198
0.3097 0.0087
0.3099 0.0229
0.3101 0.0324
0.3103 0.0419
0.3105 0.0561
0.3107 0.0561
0.3109 0.0466
0.3111 0.0371
0.3113 0.0276
0.3115 0.0087
0.3117 -0.0150
0.3119 -0.0340
0.3121 -0.0387
0.3123 -0.0482
0.3125 -0.0482
0.3127 -0.0387
0.3129 -0.0245
0.3131 -0.0103
0.3133 0.0087
0.3135 0.0276
0.3137 0.0419
0.3139 0.0513
0.3141 0.0513
0.3143 0.0466
0.3145 0.0466
0.3147 0.0324
0.3149 0.0134
0.3151 -0.0008
0.3153 -0.0150
0.3155 -0.0292
0.3157 -0.0482
0.3159 -0.0482
0.3161 -0.0387
0.3163 -0.0340
0.3165 -0.0245
0.3167 -0.0055
0.3169 0.0229
0.3171 0.0324
0.3173 0.0419
0.3175 0.0466
0.3177 0.0561
0.3179 0.0513
0.3181 0.0371
0.3183 0.0276
0.3185 0.0134
0.3187 -0.0055
0.3189 -0.0292
0.3191 -0.0387
0.3193 -0.0435
0.3195 -0.0435
0.3197 -0.0435
0.3199 -0.0292
0.3201 -0.0103
0.3203 0.0087
0.3205 0.0229
0.3207 0.0371
0.3209 0.0513
0.3211 0.0513
0.3213 0.0466
0.3215 0.0419
0.3217 0.0371
0.3219 0.0229
0.3221 -0.0008
0.3223 -0.0150
0.3225 -0.0245
0.3227 -0.0387
0.3229 -0.0482
0.3231 -0.0435
0.3233 -0.0340
0.3235 -0.0198
0.3237 -0.0103
0.3239 0.0134
0.3241 0.0324
0.3243 0.0419
0.3245 0.0466
0.3247 0.0513
0.3249 0.0513
0.3251 0.0466
0.3253 0.0276
0.3255 0.0134
0.3257 -0.0008
0.3259 -0.0198
0.3261 -0.0387
0.3263 -0.0435
0.3265 -0.0387
0.3267 -0.0387
0.3269 -0.0340
0.3271 -0.0150
0.3273 0.0087
0.3275 0.0229
0.3277 0.0276
0.3279 0.0419
0.3281 0.0513
0.3283 0.0513
0.3285 0.0419
0.3287 0.0371
0.3289 0.0276
0.3291 0.0087
0.3293 -0.0150
0.3295 -0.0292
0.3297 -0.0340
0.3299 -0.0387
0.3301 -0.0482
0.3303 -0.0387
0.3305 -0.0198
0.3307 -0.0055
0.3309 0.0087
0.3311 0.0276
0.3313 0.0419
0.3315 0.0466
0.3317 0.0466
0.3319 0.0466
0.3321 0.0466
0.3323 0.0324
0.3325 0.0134
0.3327 -0.0008
0.3329 -0.0150
0.3331 -0.0292
0.3333 -0.0482
0.3335 -0.0435
0.3337 -0.0340
0.3339 -0.0292
0.3341 -0.0198
0.3343 -0.0008
0.3345 0.0229
0.3347 0.0276
0.3349 0.0371
0.3351 0.0466
0.3353 0.0513
0.3355 0.0466
0.3357 0.0324
0.3359 0.0229
0.3361 0.0134
0.3363 -0.0055
0.3365 -0.0245
0.3367 -0.0340
0.3369 -0.0340
0.3371 -0.0387
0.3373 -0.0387
0.3375 -0.0245
0.3377 -0.0103
0.3379 0.0087
0.3381 0.0182
0.3383 0.0324
0.3385 0.0466
0.3387 0.0466
0.3389 0.0419
0.3391 0.0419
0.3393 0.0371
0.3395 0.0229
0.3397 -0.0008
0.3399 -0.0150
0.3401 -0.0245
0.3403 -0.0340
0.3405 -0.0435
0.3407 -0.0387
0.3409 -0.0245
0.3411 -0.0198
0.3413 -0.0103
0.3415 0.0087
0.3417 0.0324
0.3419 0.0371
0.3421 0.0419
0.3423 0.0466
0.3425 0.0466
0.3427 0.0371
0.3429 0.0229
0.3431 0.0134
0.3433 -0.0008
0.3435 -0.0198
0.3437 -0.0340
0.3439 -0.0387
0.3441 -0.0387
0.3443 -0.0340
0.3445 -0.0292
0.3447 -0.0150
0.3449 0.0087
0.3451 0.0182
0.3453 0.0276
0.3455 0.0419
0.3457 0.0466
0.3459 0.0466
0.3461 0.0371
0.3463 0.0324
0.3465 0.0276
0.3467 0.0087
0.3469 -0.0150
0.3471 -0.0245
0.3473 -0.0292
0.3475 -0.0387
0.3477 -0.0387
0.3479 -0.0340
0.3481 -0.0150
0.3483 -0.0055
0.3485 0.0087
0.3487 0.0229
0.3489 0.0371
0.3491 0.0419
0.3493 0.0419
0.3495 0.0466
0.3497 0.0419
0.3499 0.0276
0.3501 0.0134
0.3503 -0.0008
0.3505 -0.0103
0.3507 -0.0292
0.3509 -0.0387
0.3511 -0.0340
0.3513 -0.0292
0.3515 -0.0245
0.3517 -0.0198
0.3519 -0.0008
0.3521 0.0182
0.3523 0.0276
0.3525 0.0371
0.3527 0.0466
0.3529 0.0513
0.3531 0.0419
0.3533 0.0276
0.3535 0.0229
0.3537 0.0134
0.3539 -0.0055
0.3541 -0.0245
0.3543 -0.0340
0.3545 -0.0340
0.3547 -0.0340
0.3549 -0.0340
0.3551 -0.0245
0.3553 -0.0055
0.3555 0.0087
0.3557 0.0182
0.3559 0.0324
0.3561 0.0419
0.3563 0.0466
0.3565 0.0371
0.3567 0.0371
0.3569 0.0324
0.3571 0.0182
0.3573 -0.0008
0.3575 -0.0150
0.3577 -0.0198
0.3579 -0.0292
0.3581 -0.0387
0.3583 -0.0340
0.3585 -0.0245
0.3587 -0.0150
0.3589 -0.0055
0.3591 0.0134
0.3593 0.0276
0.3595 0.0371
0.3597 0.0419
0.3599 0.0466
0.3601 0.0466
0.3603 0.0324
0.3605 0.0229
0.3607 0.0134
0.3609 -0.0008
0.3611 -0.0150
0.3613 -0.0292
0.3616 -0.0340
0.3618 -0.0292
0.3620 -0.0292
0.3622 -0.0292
0.3624 -0.0103
0.3626 0.0039
0.3628 0.0182
0.3630 0.0276
0.3632 0.0371
0.3634 0.0466
0.3636 0.0419
0.3638 0.0371
0.3640 0.0324
0.3642 0.0229
0.3644 0.0087
0.3646 -0.0150
0.3648 -0.0198
0.3650 -0.0292
0.3652 -0.0340
0.3654 -0.0340
0.3656 -0.0292
0.3658 -0.0150
0.3660 -0.0055
0.3662 0.0039
0.3664 0.0229
0.3666 0.0371
0.3668 0.0419
0.3670 0.0371
0.3672 0.0419
0.3674 0.0419
0.3676 0.0276
0.3678 0.0087
0.3680 0.0039
0.3682 -0.0103
0.3684 -0.0245
0.3686 -0.0340
0.3688 -0.0340
0.3690 -0.0292
0.3692 -0.0245
0.3694 -0.0150
0.3696 -0.0008
0.3698 0.0182
0.3700 0.0276
0.3702 0.0324
0.3704 0.0419
0.3706 0.0466
0.3708 0.0371
0.3710 0.0276
0.3712 0.0182
0.3714 0.0134
0.3716 -0.0055
0.3718 -0.0198
0.3720 -0.0292
0.3722 -0.0292
0.3724 -0.0340
0.3726 -0.0340
0.3728 -0.0198
0.3730 -0.0055
0.3732 0.0087
0.3734 0.0182
0.3736 0.0276
0.3738 0.0419
0.3740 0.0419
0.3742 0.0371
0.3744 0.0371
0.3746 0.0324
0.3748 0.0182
0.3750 0.0039
0.3752 -0.0103
0.3754 -0.0198
0.3756 -0.0292
0.3758 -0.0340
0.3760 -0.0292
0.3762 -0.0245
0.3764 -0.0150
0.3766 -0.0055
0.3768 0.0134
0.3770 0.0276
0.3772 0.0324
0.3774 0.0371
0.3776 0.0419
0.3778 0.0419
0.3780 0.0324
0.3782 0.0229
0.3784 0.0134
0.3786 -0.0008
0.3788 -0.0150
0.3790 -0.0292
0.3792 -0.0292
0.3794 -0.0292
0.3796 -0.0292
0.3798 -0.0245
0.3800 -0.0103
0.3802 0.0039
0.3804 0.0182
0.3806 0.0276
0.3808 0.0371
0.3810 0.0419
0.3812 0.0419
0.3814 0.0324
0.3816 0.0276
0.3818 0.0229
0.3820 0.0087
0.3822 -0.0150
0.3824 -0.0198
0.3826 -0.0198
0.3828 -0.0292
0.3830 -0.0340
0.3832 -0.0245
0.3834 -0.0150
0.3836 -0.0055
0.3838 0.0039
0.3840 0.0229
0.3842 0.0324
0.3844 0.0371
0.3846 0.0371
0.3848 0.0371
0.3850 0.0371
0.3852 0.0276
0.3854 0.0087
0.3856 0.0039
0.3858 -0.0103
0.3860 -0.0198
0.3862 -0.0340
0.3864 -0.0292
0.3866 -0.0245
0.3868 -0.0292
0.3870 -0.0150
0.3872 0.0039
0.3874 0.0182
0.3876 0.0276
0.3878 0.0276
0.3880 0.0371
0.3882 0.0419
0.3884 0.0324
0.3886 0.0276
0.3888 0.0229
0.3890 0.0134
0.3892 -0.0055
0.3894 -0.0198
0.3896 -0.0245
0.3898 -0.0245
0.3900 -0.0292
0.3902 -0.0292
0.3904 -0.0150
0.3906 -0.0055
0.3908 0.0087
0.3910 0.0182
0.3912 0.0276
0.3914 0.0371
0.3916 0.0419
0.3918 0.0324
0.3920 0.0371
0.3922 0.0276
0.3924 0.0087
0.3926 -0.0008
0.3928 -0.0103
0.3930 -0.0150
0.3932 -0.0292
0.3934 -0.0340
0.3936 -0.0292
0.3938 -0.0198
0.3940 -0.0103
0.3942 -0.0055
0.3944 0.0087
0.3946 0.0276
0.3948 0.0276
0.3950 0.0324
0.3952 0.0371
0.3954 0.0419
0.3956 0.0324
0.3958 0.0182
0.3960 0.0134
0.3962 -0.0008
0.3964 -0.0150
0.3966 -0.0245
0.3968 -0.0245
0.3970 -0.0292
0.3972 -0.0245
0.3974 -0.0198
0.3976 -0.0055
0.3978 0.0039
0.3980 0.0087
0.3982 0.0276
0.3984 0.0324
0.3986 0.0371
0.3988 0.0371
0.3990 0.0324
0.3992 0.0276
0.3994 0.0229
0.3996 0.0087
0.3998 -0.0103
0.4000 -0.0150
0.4002 -0.0245
0.4004 -0.0292
0.4006 -0.0340
0.4008 -0.0245
0.4010 -0.0103
0.4012 -0.0055
0.4014 0.0087
0.4016 0.0229
0.4018 0.0324
0.4020 0.0324
0.4022 0.0371
0.4024 0.0419
0.4026 0.0371
0.4028 0.0182
0.4030 0.0087
0.4032 0.0039
0.4034 -0.0103
0.4036 -0.0198
0.4038 -0.0292
0.4040 -0.0245
0.4042 -0.0198
0.4044 -0.0198
0.4046 -0.0150
0.4048 0.0039
0.4050 0.0134
0.4052 0.0276
0.4054 0.0276
0.4056 0.0324
0.4058 0.0371
0.4060 0.0371
0.4062 0.0324
0.4064 0.0229
0.4066 0.0087
0.4068 -0.0055
0.4070 -0.0150
0.4072 -0.0198
0.4074 -0.0245
0.4076 -0.0292
0.4078 -0.0245
0.4080 -0.0150
0.4082 -0.0055
0.4084 0.0039
0.4086 0.0182
0.4088 0.0276
0.4090 0.0324
0.4092 0.0371
0.4094 0.0324
0.4096 0.0324
0.4098 0.0276
0.4100 0.0134
0.4102 -0.0008
0.4104 -0.0055
0.4106 -0.0150
0.4108 -0.0292
0.4110 -0.0292
0.4112 -0.0245
0.4114 -0.0198
0.4116 -0.0103
0.4118 -0.0008
0.4120 0.0134
0.4122 0.0276
0.4124 0.0324
0.4126 0.0324
0.4128 0.0371
0.4130 0.0371
0.4132 0.0276
0.4134 0.0182
0.4136 0.0134
0.4138 -0.0008
0.4140 -0.0150
0.4142 -0.0245
0.4144 -0.0198
0.4146 -0.0198
0.4148 -0.0292
0.4150 -0.0198
0.4152 -0.0055
0.4154 0.0087
0.4156 0.0134
0.4158 0.0229
0.4160 0.0324
0.4162 0.0371
0.4164 0.0371
0.4166 0.0276
0.4168 0.0276
0.4170 0.0182
0.4172 0.0039
0.4174 -0.0103
0.4176 -0.0150
0.4178 -0.0150
0.4180 -0.0292
0.4182 -0.0245
0.4184 -0.0150
0.4186 -0.0103
0.4188 -0.0055
0.4190 0.0087
0.4192 0.0229
0.4194 0.0276
0.4196 0.0324
0.4198 0.0324
0.4200 0.0324
0.4202 0.0324
0.4204 0.0229
0.4206 0.0087
0.4208 0.0039
0.4210 -0.0103
0.4212 -0.0198
0.4214 -0.0245
0.4216 -0.0245
0.4218 -0.0198
0.4220 -0.0198
0.4222 -0.0103
0.4224 0.0039
0.4226 0.0182
0.4228 0.0229
0.4230 0.0276
0.4232 0.0324
0.4234 0.0371
0.4236 0.0276
0.4238 0.0276
0.4240 0.0182
0.4242 0.0087
0.4244 -0.0055
0.4246 -0.0150
0.4248 -0.0198
0.4250 -0.0198
0.4252 -0.0292
0.4254 -0.0245
0.4256 -0.0103
0.4258 -0.0008
0.4260 0.0087
0.4262 0.0182
0.4264 0.0276
0.4266 0.0324
0.4268 0.0324
0.4270 0.0324
0.4273 0.0324
0.4275 0.0276
0.4277 0.0134
0.4279 0.0039
0.4281 -0.0055
0.4283 -0.0150
0.4285 -0.0245
0.4287 -0.0292
0.4289 -0.0198
0.4291 -0.0150
0.4293 -0.0055
0.4295 -0.0008
0.4297 0.0134
0.4299 0.0229
0.4301 0.0229
0.4303 0.0276
0.4305 0.0324
0.4307 0.0324
0.4309 0.0276
0.4311 0.0182
0.4313 0.0134
0.4315 -0.0008
0.4317 -0.0150
0.4319 -0.0198
0.4321 -0.0198
0.4323 -0.0198
0.4325 -0.0245
0.4327 -0.0150
0.4329 -0.0008
0.4331 0.0087
0.4333 0.0182
0.4335 0.0229
0.4337 0.0324
0.4339 0.0324
0.4341 0.0276
0.4343 0.0276
0.4345 0.0229
0.4347 0.0182
0.4349 0.0039
0.4351 -0.0055
0.4353 -0.0103
0.4355 -0.0198
0.4357 -0.0245
0.4359 -0.0245
0.4361 -0.0150
0.4363 -0.0103
0.4365 -0.0055
0.4367 0.0087
0.4369 0.0229
0.4371 0.0276
0.4373 0.0276
0.4375 0.0276
0.4377 0.0324
0.4379 0.0276
0.4381 0.0182
0.4383 0.0087
0.4385 0.0039
0.4387 -0.0103
0.4389 -0.0198
0.4391 -0.0245
0.4393 -0.0198
0.4395 -0.0198
0.4397 -0.0198
0.4399 -0.0103
0.4401 0.0039
0.4403 0.0182
0.4405 0.0229
0.4407 0.0276
0.4409 0.0324
0.4411 0.0324
0.4413 0.0276
0.4415 0.0276
0.4417 0.0182
0.4419 0.0087
0.4421 -0.0055
0.4423 -0.0150
0.4425 -0.0150
0.4427 -0.0198
0.4429 -0.0245
0.4431 -0.0198
0.4433 -0.0055
0.4435 -0.0008
0.4437 0.0087
0.4439 0.0182
0.4441 0.0276
0.4443 0.0324
0.4445 0.0276
0.4447 0.0324
0.4449 0.0276
0.4451 0.0229
0.4453 0.0087
0.4455 0.0039
0.4457 -0.0055
0.4459 -0.0150
0.4461 -0.0245
0.4463 -0.0245
0.4465 -0.0150
0.4467 -0.0150
0.4469 -0.0103
0.4471 -0.0008
0.4473 0.0134
0.4475 0.0229
0.4477 0.0276
0.4479 0.0276
0.4481 0.0371
0.4483 0.0276
0.4485 0.0229
0.4487 0.0182
0.4489 0.0087
0.4491 -0.0008
0.4493 -0.0150
0.4495 -0.0198
0.4497 -0.0198
0.4499 -0.0198
0.4501 -0.0198
0.4503 -0.0150
0.4505 -0.0008
0.4507 0.0087
0.4509 0.0134
0.4511 0.0229
0.4513 0.0324
0.4515 0.0324
0.4517 0.0276
0.4519 0.0276
0.4521 0.0229
0.4523 0.0182
0.4525 -0.0008
0.4527 -0.0055
0.4529 -0.0103
0.4531 -0.0198
0.4533 -0.0245
0.4535 -0.0198
0.4537 -0.0103
0.4539 -0.0103
0.4541 -0.0055
0.4543 0.0087
0.4545 0.0229
0.4547 0.0276
0.4549 0.0276
0.4551 0.0276
0.4553 0.0324
0.4555 0.0276
0.4557 0.0134
0.4559 0.0087
0.4561 0.0039
0.4563 -0.0103
0.4565 -0.0198
0.4567 -0.0198
0.4569 -0.0150
0.4571 -0.0150
0.4573 -0.0150
0.4575 -0.0055
0.4577 0.0087
0.4579 0.0182
0.4581 0.0182
0.4583 0.0276
0.4585 0.0324
0.4587 0.0324
0.4589 0.0229
0.4591 0.0229
0.4593 0.0182
0.4595 0.0039
0.4597 -0.0103
0.4599 -0.0103
0.4601 -0.0150
0.4603 -0.0198
0.4605 -0.0198
0.4607 -0.0150
0.4609 -0.0055
0.4611 -0.0008
0.4613 0.0039
0.4615 0.0182
0.4617 0.0276
0.4619 0.0276
0.4621 0.0276
0.4623 0.0276
0.4625 0.0276
0.4627 0.0229
0.4629 0.0087
0.4631 0.0039
0.4633 -0.0055
0.4635 -0.0150
0.4637 -0.0198
0.4639 -0.0198
0.4641 -0.0150
0.4643 -0.0150
0.4645 -0.0103
0.4647 0.0039
0.4649 0.0134
0.4651 0.0229
0.4653 0.0229
0.4655 0.0276
0.4657 0.0324
0.4659 0.0276
0.4661 0.0182
0.4663 0.0182
0.4665 0.0087
0.4667 -0.0008
0.4669 -0.0150
0.4671 -0.0150
0.4673 -0.0150
0.4675 -0.0198
0.4677 -0.0198
0.4679 -0.0103
0.4681 -0.0008
0.4683 0.0087
0.4685 0.0134
0.4687 0.0229
0.4689 0.0324
0.4691 0.0276
0.4693 0.0276
0.4695 0.0276
0.4697 0.0276
0.4699 0.0134
0.4701 -0.0008
0.4703 -0.0055
0.4705 -0.0103
0.4707 -0.0198
0.4709 -0.0245
0.4711 -0.0198
0.4713 -0.0103
0.4715 -0.0055
0.4717 -0.0055
0.4719 0.0087
0.4721 0.0229
0.4723 0.0276
0.4725 0.0229
0.4727 0.0276
0.4729 0.0324
0.4731 0.0229
0.4733 0.0182
0.4735 0.0087
0.4737 0.0039
0.4739 -0.0103
0.4741 -0.0198
0.4743 -0.0198
0.4745 -0.0150
0.4747 -0.0150
0.4749 -0.0150
0.4751 -0.0055
0.4753 0.0087
0.4755 0.0182
0.4757 0.0182
0.4759 0.0276
0.4761 0.0324
0.4763 0.0276
0.4765 0.0229
0.4767 0.0182
0.4769 0.0182
0.4771 0.0039
0.4773 -0.0055
0.4775 -0.0103
0.4777 -0.0103
0.4779 -0.0150
0.4781 -0.0198
0.4783 -0.0150
0.4785 -0.0055
0.4787 0.0039
0.4789 0.0039
0.4791 0.0182
0.4793 0.0276
0.4795 0.0276
0.4797 0.0276
0.4799 0.0276
0.4801 0.0276
0.4803 0.0182
0.4805 0.0087
0.4807 0.0039
0.4809 -0.0055
0.4811 -0.0103
0.4813 -0.0198
0.4815 -0.0198
0.4817 -0.0103
0.4819 -0.0103
0.4821 -0.0103
0.4823 0.0039
0.4825 0.0182
0.4827 0.0229
0.4829 0.0229
0.4831 0.0276
0.4833 0.0276
0.4835 0.0276
0.4837 0.0182
0.4839 0.0134
0.4841 0.0087
0.4843 -0.0055
0.4845 -0.0150
0.4847 -0.0150
0.4849 -0.0150
0.4851 -0.0150
0.4853 -0.0198
0.4855 -0.0103
0.4857 0.0039
0.4859 0.0087
0.4861 0.0134
0.4863 0.0229
0.4865 0.0276
0.4867 0.0276
0.4869 0.0276
0.4871 0.0276
0.4873 0.0229
0.4875 0.0134
0.4877 -0.0008
0.4879 -0.0055
0.4881 -0.0103
0.4883 -0.0150
0.4885 -0.0198
0.4887 -0.0150
0.4889 -0.0055
0.4891 -0.0055
0.4893 -0.0008
0.4895 0.0134
0.4897 0.0229
0.4899 0.0229
0.4901 0.0229
0.4903 0.0276
0.4905 0.0276
0.4907 0.0229
0.4909 0.0134
0.4911 0.0087
0.4913 0.0039
0.4915 -0.0055
0.4917 -0.0150
0.4919 -0.0198
0.4921 -0.0150
0.4923 -0.0150
0.4925 -0.0103
0.4927 -0.0055
0.4930 0.0087
0.4932 0.0134
0.4934 0.0182
0.4936 0.0229
0.4938 0.0276
0.4940 0.0276
0.4942 0.0182
0.4944 0.0182
0.4946 0.0134
0.4948 0.0039
0.4950 -0.0103
0.4952 -0.0103
0.4954 -0.0103
0.4956 -0.0150
0.4958 -0.0198
0.4960 -0.0150
0.4962 -0.0055
0.4964 -0.0008
0.4966 0.0087
0.4968 0.0182
0.4970 0.0276
0.4972 0.0276
0.4974 0.0229
0.4976 0.0276
0.4978 0.0276
0.4980 0.0182
0.4982 0.0039
0.4984 -0.0008
0.4986 -0.0055
0.4988 -0.0103
0.4990 -0.0198
0.4992 -0.0150
0.4994 -0.0103
0.4996 -0.0103
0.4998 -0.0055
0.5000 0.0039
0.5002 0.0182
0.5004 0.0182
0.5006 0.0229
0.5008 0.0276
0.5010 0.0276
0.5012 0.0276
0.5014 0.0134
0.5016 0.0134
0.5018 0.0087
0.5020 -0.0055
0.5022 -0.0150
0.5024 -0.0103
0.5026 -0.0150
0.5028 -0.0103
0.5030 -0.0150
0.5032 -0.0055
0.5034 0.0039
0.5036 0.0087
0.5038 0.0087
0.5040 0.0229
0.5042 0.0276
0.5044 0.0276
0.5046 0.0229
0.5048 0.0229
0.5050 0.0229
0.5052 0.0087
0.5054 -0.0008
0.5056 -0.0055
0.5058 -0.0055
0.5060 -0.0103
0.5062 -0.0198
0.5064 -0.0150
0.5066 -0.0055
0.5068 -0.0055
0.5070 -0.0008
0.5072 0.0134
0.5074 0.0229
0.5076 0.0229
0.5078 0.0229
0.5080 0.0229
0.5082 0.0276
0.5084 0.0182
0.5086 0.0087
0.5088 0.0087
0.5090 0.0039
0.5092 -0.0103
0.5094 -0.0150
0.5096 -0.0150
0.5098 -0.0103
0.5100 -0.0103
0.5102 -0.0103
0.5104 -0.0008
0.5106 0.0087
0.5108 0.0134
0.5110 0.0182
0.5112 0.0229
0.5114 0.0276
0.5116 0.0276
0.5118 0.0182
0.5120 0.0182
0.5122 0.0134
0.5124 0.0039
0.5126 -0.0103
0.5128 -0.0103
0.5130 -0.0103
0.5132 -0.0150
0.5134 -0.0198
0.5136 -0.0103
0.5138 -0.0008
0.5140 0.0039
0.5142 0.0087
0.5144 0.0182
0.5146 0.0276
0.5148 0.0276
0.5150 0.0229
0.5152 0.0229
0.5154 0.0229
0.5156 0.0182
0.5158 0.0039
0.5160 -0.0008
0.5162 -0.0055
0.5164 -0.0103
0.5166 -0.0150
0.5168 -0.0150
0.5170 -0.0055
0.5172 -0.0055
0.5174 -0.0055
0.5176 0.0087
0.5178 0.0134
0.5180 0.0182
0.5182 0.0182
0.5184 0.0229
0.5186 0.0276
0.5188 0.0229
0.5190 0.0134
0.5192 0.0134
0.5194 0.0087
0.5196 -0.0008
0.5198 -0.0150
0.5200 -0.0103
0.5202 -0.0103
0.5204 -0.0150
0.5206 -0.0150
0.5208 -0.0055
0.5210 0.0039
0.5212 0.0087
0.5214 0.0087
0.5216 0.0229
0.5218 0.0276
0.5220 0.0276
0.5222 0.0229
0.5224 0.0229
0.5226 0.0182
0.5228 0.0087
0.5230 -0.0008
0.5232 -0.0055
0.5234 -0.0103
0.5236 -0.0150
0.5238 -0.0150
0.5240 -0.0103
0.5242 -0.0055
0.5244 -0.0055
0.5246 -0.0008
0.5248 0.0087
0.5250 0.0229
0.5252 0.0182
0.5254 0.0182
0.5256 0.0276
0.5258 0.0276
0.5260 0.0182
0.5262 0.0087
0.5264 0.0039
0.5266 -0.0008
0.5268 -0.0103
0.5270 -0.0150
0.5272 -0.0150
0.5274 -0.0103
0.5276 -0.0103
0.5278 -0.0103
0.5280 0.0039
0.5282 0.0087
0.5284 0.0134
0.5286 0.0182
0.5288 0.0276
0.5290 0.0276
0.5292 0.0229
0.5294 0.0182
0.5296 0.0182
0.5298 0.0087
0.5300 0.0039
0.5302 -0.0055
0.5304 -0.0103
0.5306 -0.0103
0.5308 -0.0103
0.5310 -0.0150
0.5312 -0.0103
0.5314 -0.0008
0.5316 0.0039
0.5318 0.0087
0.5320 0.0182
0.5322 0.0229
0.5324 0.0229
0.5326 0.0182
0.5328 0.0229
0.5330 0.0229
0.5332 0.0134
0.5334 0.0039
0.5336 0.0039
0.5338 -0.0055
0.5340 -0.0103
0.5342 -0.0150
0.5344 -0.0103
0.5346 -0.0103
0.5348 -0.0055
0.5350 -0.0055
0.5352 0.0087
0.5354 0.0182
0.5356 0.0182
0.5358 0.0182
0.5360 0.0276
0.5362 0.0276
0.5364 0.0229
0.5366 0.0134
0.5368 0.0134
0.5370 0.0087
0.5372 -0.0008
0.5374 -0.0103
0.5376 -0.0103
0.5378 -0.0103
0.5380 -0.0103
0.5382 -0.0103
0.5384 -0.0055
0.5386 0.0039
0.5388 0.0087
0.5390 0.0087
0.5392 0.0229
0.5394 0.0229
0.5396 0.0229
0.5398 0.0182
0.5400 0.0229
0.5402 0.0182
0.5404 0.0087
0.5406 -0.0008
0.5408 -0.0055
0.5410 -0.0055
0.5412 -0.0103
0.5414 -0.0150
0.5416 -0.0103
0.5418 -0.0008
0.5420 -0.0055
0.5422 -0.0008
0.5424 0.0134
0.5426 0.0182
0.5428 0.0182
0.5430 0.0182
0.5432 0.0229
0.5434 0.0276
0.5436 0.0182
0.5438 0.0087
0.5440 0.0087
0.5442 -0.0008
0.5444 -0.0055
0.5446 -0.0150
0.5448 -0.0103
0.5450 -0.0103
0.5452 -0.0103
0.5454 -0.0055
0.5456 0.0039
0.5458 0.0087
0.5460 0.0087
0.5462 0.0182
0.5464 0.0229
0.5466 0.0229
0.5468 0.0229
0.5470 0.0134
0.5472 0.0182
0.5474 0.0087
0.5476 -0.0008
0.5478 -0.0055
0.5480 -0.0055
0.5482 -0.0103
0.5484 -0.0103
0.5486 -0.0150
0.5488 -0.0055
0.5490 -0.0008
0.5492 0.0039
0.5494 0.0087
0.5496 0.0182
0.5498 0.0229
0.5500 0.0182
0.5502 0.0229
0.5504 0.0229
0.5506 0.0229
0.5508 0.0134
0.5510 0.0039
0.5512 -0.0008
0.5514 -0.0055
0.5516 -0.0103
0.5518 -0.0150
0.5520 -0.0103
0.5522 -0.0055
0.5524 -0.0103
0.5526 -0.0055
0.5528 0.0039
0.5530 0.0134
0.5532 0.0182
0.5534 0.0182
0.5536 0.0229
0.5538 0.0276
0.5540 0.0182
0.5542 0.0087
0.5544 0.0087
0.5546 0.0039
0.5548 -0.0055
0.5550 -0.0103
0.5552 -0.0103
0.5554 -0.0103
0.5556 -0.0103
0.5558 -0.0103
0.5560 -0.0008
0.5562 0.0039
0.5564 0.0087
0.5566 0.0134
0.5568 0.0229
0.5570 0.0229
0.5572 0.0182
0.5574 0.0182
0.5576 0.0229
0.5578 0.0134
0.5580 0.0087
0.5582 -0.0008
0.5584 -0.0055
0.5587 -0.0055
0.5589 -0.0150
0.5591 -0.0150
0.5593 -0.0055
0.5595 -0.0008
0.5597 -0.0008
0.5599 0.0039
0.5601 0.0134
0.5603 0.0182
0.5605 0.0182
0.5607 0.0182
0.5609 0.0229
0.5611 0.0229
0.5613 0.0134
0.5615 0.0087
0.5617 0.0087
0.5619 -0.0008
0.5621 -0.0055
0.5623 -0.0103
0.5625 -0.0150
0.5627 -0.0103
0.5629 -0.0103
0.5631 -0.0055
0.5633 0.0039
0.5635 0.0087
0.5637 0.0087
0.5639 0.0182
0.5641 0.0229
0.5643 0.0276
0.5645 0.0182
0.5647 0.0182
0.5649 0.0134
0.5651 0.0087
0.5653 0.0039
0.5655 -0.0055
0.5657 -0.0055
0.5659 -0.0103
0.5661 -0.0150
0.5663 -0.0103
0.5665 -0.0055
0.5667 -0.0008
0.5669 0.0039
0.5671 0.0087
0.5673 0.0182
0.5675 0.0229
0.5677 0.0182
0.5679 0.0182
0.5681 0.0229
0.5683 0.0182
0.5685 0.0087
0.5687 0.0039
0.5689 0.0039
0.5691 -0.0008
0.5693 -0.0055
0.5695 -0.0103
0.5697 -0.0055
0.5699 -0.0055
0.5701 -0.0055
0.5703 -0.0008
0.5705 0.0087
0.5707 0.0134
0.5709 0.0134
0.5711 0.0182
0.5713 0.0276
0.5715 0.0229
0.5717 0.0182
0.5719 0.0087
0.5721 0.0134
0.5723 0.0039
0.5725 -0.0055
0.5727 -0.0103
0.5729 -0.0055
0.5731 -0.0103
0.5733 -0.0103
0.5735 -0.0055
0.5737 0.0039
0.5739 0.0087
0.5741 0.0087
0.5743 0.0134
0.5745 0.0229
0.5747 0.0229
0.5749 0.0182
0.5751 0.0182
0.5753 0.0182
0.5755 0.0087
0.5757 0.0039
0.5759 -0.0008
0.5761 -0.0008
0.5763 -0.0103
0.5765 -0.0103
0.5767 -0.0103
0.5769 -0.0055
0.5771 -0.0055
0.5773 -0.0008
0.5775 0.0039
0.5777 0.0182
0.5779 0.0182
0.5781 0.0182
0.5783 0.0182
0.5785 0.0229
0.5787 0.0229
0.5789 0.0134
0.5791 0.0087
0.5793 0.0087
0.5795 0.0039
0.5797 -0.0103
0.5799 -0.0103
0.5801 -0.0055
0.5803 -0.0103
0.5805 -0.0103
0.5807 -0.0055
0.5809 0.0039
0.5811 0.0134
0.5813 0.0087
0.5815 0.0182
0.5817 0.0229
0.5819 0.0229
0.5821 0.0182
0.5823 0.0182
0.5825 0.0134
0.5827 0.0087
0.5829 -0.0008
0.5831 -0.0055
0.5833 -0.0055
0.5835 -0.0055
0.5837 -0.0103
0.5839 -0.0103
0.5841 -0.0008
0.5843 -0.0008
0.5845 0.0039
0.5847 0.0087
0.5849 0.0182
0.5851 0.0182
0.5853 0.0182
0.5855 0.0182
0.5857 0.0229
0.5859 0.0182
0.5861 0.0087
0.5863 0.0039
0.5865 0.0039
0.5867 -0.0055
0.5869 -0.0103
0.5871 -0.0103
0.5873 -0.0055
0.5875 -0.0055
0.5877 -0.0055
0.5879 -0.0008
0.5881 0.0087
0.5883 0.0182
0.5885 0.0134
0.5887 0.0182
0.5889 0.0229
0.5891 0.0229
0.5893 0.0134
0.5895 0.0087
0.5897 0.0087
0.5899 0.0039
0.5901 -0.0055
0.5903 -0.0055
0.5905 -0.0103
0.5907 -0.0055
0.5909 -0.0103
0.5911 -0.0055
0.5913 0.0039
0.5915 0.0039
0.5917 0.0087
0.5919 0.0134
0.5921 0.0229
0.5923 0.0182
0.5925 0.0182
0.5927 0.0134
0.5929 0.0182
0.5931 0.0087
0.5933 0.0039
0.5935 -0.0008
0.5937 -0.0008
0.5939 -0.0055
0.5941 -0.0103
0.5943 -0.0103
0.5945 -0.0055
0.5947 -0.0008
0.5949 -0.0008
0.5951 0.0039
0.5953 0.0134
0.5955 0.0182
0.5957 0.0182
0.5959 0.0182
0.5961 0.0229
0.5963 0.0182
0.5965 0.0087
0.5967 0.0087
0.5969 0.0087
0.5971 -0.0008
0.5973 -0.0103
0.5975 -0.0103
0.5977 -0.0055
0.5979 -0.0103
0.5981 -0.0103
0.5983 -0.0008
0.5985 0.0087
0.5987 0.0087
0.5989 0.0087
0.5991 0.0182
0.5993 0.0229
0.5995 0.0229
0.5997 0.0182
0.5999 0.0134
0.6001 0.0134
0.6003 0.0087
0.6005 -0.0055
0.6007 -0.0055
0.6009 -0.0008
0.6011 -0.0055
0.6013 -0.0103
0.6015 -0.0103
0.6017 -0.0008
0.6019 0.0039
0.6021 0.0039
0.6023 0.0087
0.6025 0.0182
0.6027 0.0229
0.6029 0.0182
0.6031 0.0182
0.6033 0.0182
0.6035 0.0134
0.6037 0.0087
0.6039 0.0039
0.6041 0.0039
0.6043 -0.0055
0.6045 -0.0103
0.6047 -0.0103
0.6049 -0.0055
0.6051 -0.0055
0.6053 -0.0055
0.6055 0.0039
0.6057 0.0087
0.6059 0.0134
0.6061 0.0134
0.6063 0.0182
0.6065 0.0229
0.6067 0.0182
0.6069 0.0134
0.6071 0.0134
0.6073 0.0087
0.6075 0.0039
0.6077 -0.0055
0.6079 -0.0055
0.6081 -0.0055
0.6083 -0.0103
0.6085 -0.0103
0.6087 -0.0055
0.6089 0.0039
0.6091 0.0087
0.6093 0.0039
0.6095 0.0134
0.6097 0.0229
0.6099 0.0182
0.6101 0.0134
0.6103 0.0182
0.6105 0.0134
0.6107 0.0087
0.6109 -0.0008
0.6111 -0.0008
0.6113 -0.0008
0.6115 -0.0055
0.6117 -0.0103
0.6119 -0.0055
0.6121 -0.0008
0.6123 -0.0008
0.6125 -0.0008
0.6127 0.0087
0.6129 0.0134
0.6131 0.0134
0.6133 0.0134
0.6135 0.0182
0.6137 0.0229
0.6139 0.0182
0.6141 0.0087
0.6143 0.0039
0.6145 0.0087
0.6147 -0.0008
0.6149 -0.0103
0.6151 -0.0103
0.6153 -0.0055
0.6155 -0.0055
0.6157 -0.0103
0.6159 -0.0008
0.6161 0.0087
0.6163 0.0087
0.6165 0.0087
0.6167 0.0182
0.6169 0.0229
0.6171 0.0182
0.6173 0.0134
0.6175 0.0134
0.6177 0.0134
0.6179 0.0087
0.6181 -0.0008
0.6183 -0.0055
0.6185 -0.0055
0.6187 -0.0055
0.6189 -0.0103
0.6191 -0.0055
0.6193 0.0039
0.6195 0.0039
0.6197 0.0039
0.6199 0.0087
0.6201 0.0182
0.6203 0.0182
0.6205 0.0134
0.6207 0.0182
0.6209 0.0182
0.6211 0.0134
0.6213 0.0039
0.6215 0.0039
0.6217 0.0039
0.6219 -0.0055
0.6221 -0.0103
0.6223 -0.0103
0.6225 -0.0055
0.6227 -0.0055
0.6229 -0.0055
0.6231 0.0039
0.6233 0.0134
0.6235 0.0134
0.6237 0.0134
0.6239 0.0182
0.6241 0.0229
0.6244 0.0182
0.6246 0.0087
0.6248 0.0087
0.6250 0.0087
0.6252 -0.0008
0.6254 -0.0055
0.6256 -0.0055
0.6258 -0.0055
0.6260 -0.0103
0.6262 -0.0103
0.6264 -0.0008
0.6266 0.0039
0.6268 0.0039
0.6270 0.0039
0.6272 0.0134
0.6274 0.0229
0.6276 0.0229
0.6278 0.0134
0.6280 0.0134
0.6282 0.0182
0.6284 0.0087
0.6286 -0.0008
0.6288 -0.0008
0.6290 -0.0008
0.6292 -0.0055
0.6294 -0.0103
0.6296 -0.0055
0.6298 -0.0008
0.6300 -0.0008
0.6302 -0.0008
0.6304 0.0087
0.6306 0.0134
0.6308 0.0182
0.6310 0.0134
0.6312 0.0182
0.6314 0.0182
0.6316 0.0182
0.6318 0.0087
0.6320 0.0087
0.6322 0.0039
0.6324 -0.0008
0.6326 -0.0103
0.6328 -0.0055
0.6330 -0.0055
0.6332 -0.0055
0.6334 -0.0055
0.6336 -0.0008
0.6338 0.0087
0.6340 0.0087
0.6342 0.0087
0.6344 0.0182
0.6346 0.0229
0.6348 0.0182
0.6350 0.0087
0.6352 0.0087
0.6354 0.0087
0.6356 0.0039
0.6358 -0.0055
0.6360 -0.0008
0.6362 -0.0055
0.6364 -0.0055
0.6366 -0.0103
0.6368 -0.0008
0.6370 -0.0008
0.6372 0.0039
0.6374 0.0039
0.6376 0.0087
0.6378 0.0182
0.6380 0.0182
0.6382 0.0134
0.6384 0.0182
0.6386 0.0182
0.6388 0.0134
0.6390 0.0039
0.6392 0.0039
0.6394 0.0039
0.6396 -0.0055
0.6398 -0.0103
0.6400 -0.0055
0.6402 -0.0008
0.6404 -0.0008
0.6406 -0.0055
0.6408 0.0087
0.6410 0.0087
0.6412 0.0134
0.6414 0.0134
0.6416 0.0182
0.6418 0.0229
0.6420 0.0182
0.6422 0.0087
0.6424 0.0087
0.6426 0.0087
0.6428 0.0039
0.6430 -0.0055
0.6432 -0.0055
0.6434 -0.0055
0.6436 -0.0055
0.6438 -0.0103
0.6440 -0.0008
0.6442 0.0039
0.6444 0.0039
0.6446 0.0087
0.6448 0.0134
0.6450 0.0182
0.6452 0.0182
0.6454 0.0134
0.6456 0.0134
0.6458 0.0134
0.6460 0.0087
0.6462 -0.0008
0.6464 -0.0008
0.6466 -0.0008
0.6468 -0.0055
0.6470 -0.0103
0.6472 -0.0055
0.6474 -0.0008
0.6476 -0.0008
0.6478 -0.0008
0.6480 0.0087
0.6482 0.0134
0.6484 0.0134
0.6486 0.0134
0.6488 0.0182
0.6490 0.0182
0.6492 0.0134
0.6494 0.0087
0.6496 0.0039
0.6498 0.0039
0.6500 -0.0008
0.6502 -0.0055
0.6504 -0.0055
0.6506 -0.0008
0.6508 -0.0055
0.6510 -0.0008
0.6512 0.0039
0.6514 0.0087
0.6516 0.0087
0.6518 0.0087
0.6520 0.0182
0.6522 0.0182
0.6524 0.0182
0.6526 0.0087
0.6528 0.0134
0.6530 0.0134
0.6532 0.0039
0.6534 -0.0055
0.6536 -0.0055
0.6538 -0.0008
0.6540 -0.0055
0.6542 -0.0103
0.6544 -0.0055
0.6546 0.0039
0.6548 0.0039
0.6550 0.0087
0.6552 0.0134
0.6554 0.0182
0.6556 0.0182
0.6558 0.0134
0.6560 0.0134
0.6562 0.0182
0.6564 0.0039
0.6566 0.0039
0.6568 0.0039
0.6570 0.0039
0.6572 -0.0055
0.6574 -0.0103
0.6576 -0.0055
0.6578 -0.0008
0.6580 -0.0008
0.6582 -0.0008
0.6584 0.0039
0.6586 0.0134
0.6588 0.0134
0.6590 0.0087
0.6592 0.0182
0.6594 0.0229
0.6596 0.0182
0.6598 0.0087
0.6600 0.0087
0.6602 0.0087
0.6604 0.0039
0.6606 -0.0055
0.6608 -0.0008
0.6610 -0.0008
0.6612 -0.0055
0.6614 -0.0055
0.6616 -0.0008
0.6618 0.0039
0.6620 0.0087
0.6622 0.0087
0.6624 0.0134
0.6626 0.0182
0.6628 0.0182
0.6630 0.0087
0.6632 0.0134
0.6634 0.0087
0.6636 0.0087
0.6638 -0.0008
0.6640 -0.0008
0.6642 -0.0008
0.6644 -0.0055
0.6646 -0.0103
0.6648 -0.0055
0.6650 -0.0008
0.6652 0.0039
0.6654 0.0087
0.6656 0.0087
0.6658 0.0182
0.6660 0.0134
0.6662 0.0134
0.6664 0.0182
0.6666 0.0182
0.6668 0.0087
0.6670 0.0039
0.6672 0.0039
0.6674 0.0039
0.6676 -0.0008
0.6678 -0.0055
0.6680 -0.0055
0.6682 -0.0008
0.6684 -0.0008
0.6686 -0.0055
0.6688 0.0039
0.6690 0.0087
0.6692 0.0087
0.6694 0.0087
0.6696 0.0134
0.6698 0.0182
0.6700 0.0134
0.6702 0.0087
0.6704 0.0134
0.6706 0.0087
0.6708 0.0039
0.6710 -0.0055
0.6712 -0.0008
0.6714 -0.0008
0.6716 -0.0055
0.6718 -0.0103
0.6720 -0.0008
0.6722 0.0039
0.6724 0.0039
0.6726 0.0039
0.6728 0.0087
0.6730 0.0182
0.6732 0.0134
0.6734 0.0134
0.6736 0.0182
0.6738 0.0134
0.6740 0.0087
0.6742 0.0039
0.6744 0.0039
0.6746 0.0039
0.6748 -0.0008
0.6750 -0.0103
0.6752 -0.0055
0.6754 -0.0008
0.6756 -0.0008
0.6758 -0.0008
0.6760 0.0087
0.6762 0.0134
0.6764 0.0134
0.6766 0.0134
0.6768 0.0182
0.6770 0.0182
0.6772 0.0134
0.6774 0.0087
0.6776 0.0087
0.6778 0.0087
0.6780 -0.0008
0.6782 -0.0055
0.6784 -0.0055
0.6786 -0.0008
0.6788 -0.0055
0.6790 -0.0055
0.6792 -0.0008
0.6794 0.0039
0.6796 0.0087
0.6798 0.0087
0.6800 0.0134
0.6802 0.0182
0.6804 0.0134
0.6806 0.0134
0.6808 0.0134
0.6810 0.0134
0.6812 0.0039
0.6814 -0.0008
0.6816 -0.0008
0.6818 -0.0008
0.6820 -0.0055
0.6822 -0.0103
0.6824 -0.0008
0.6826 0.0039
0.6828 -0.0008
0.6830 0.0039
0.6832 0.0087
0.6834 0.0134
0.6836 0.0134
0.6838 0.0087
0.6840 0.0182
0.6842 0.0182
0.6844 0.0087
0.6846 0.0039
0.6848 0.0039
0.6850 0.0039
0.6852 -0.0055
0.6854 -0.0103
0.6856 -0.0055
0.6858 -0.0008
0.6860 -0.0055
0.6862 -0.0008
0.6864 0.0039
0.6866 0.0087
0.6868 0.0087
0.6870 0.0087
0.6872 0.0182
0.6874 0.0182
0.6876 0.0134
0.6878 0.0087
0.6880 0.0134
0.6882 0.0087
0.6884 -0.0008
0.6886 -0.0008
0.6888 -0.0008
0.6890 -0.0008
0.6892 -0.0008
0.6894 -0.0055
0.6896 0.0039
0.6898 0.0039
0.6900 0.0039
0.6903 0.0087
0.6905 0.0134
0.6907 0.0134
0.6909 0.0134
0.6911 0.0134
0.6913 0.0134
0.6915 0.0134
0.6917 0.0087
0.6919 -0.0008
0.6921 0.0039
0.6923 -0.0008
0.6925 -0.0055
0.6927 -0.0103
0.6929 0.0039
0.6931 0.0039
0.6933 -0.0055
0.6935 -0.0008
0.6937 0.0039
0.6939 0.0087
0.6941 0.0087
0.6943 0.0134
0.6945 0.0182
0.6947 0.0182
0.6949 0.0134
0.6951 0.0087
0.6953 0.0087
0.6955 0.0039
0.6957 -0.0008
0.6959 -0.0055
0.6961 -0.0008
0.6963 -0.0008
0.6965 -0.0008
0.6967 -0.0055
0.6969 0.0039
0.6971 0.0087
0.6973 0.0087
0.6975 0.0087
0.6977 0.0182
0.6979 0.0134
0.6981 0.0087
0.6983 0.0087
0.6985 0.0134
0.6987 0.0087
0.6989 0.0039
0.6991 -0.0008
0.6993 0.0039
0.6995 -0.0008
0.6997 -0.0103
0.6999 -0.0055
0.7001 -0.0055
0.7003 0.0039
0.7005 -0.0008
0.7007 0.0039
0.7009 0.0087
0.7011 0.0134
0.7013 0.0182
0.7015 0.0134
0.7017 0.0182
0.7019 0.0182
0.7021 0.0087
0.7023 0.0087
0.7025 0.0087
0.7027 0.0039
0.7029 0.0039
0.7031 -0.0055
0.7033 -0.0008
0.7035 -0.0008
0.7037 -0.0008
0.7039 -0.0008
0.7041 0.0087
0.7043 0.0087
0.7045 0.0087
0.7047 0.0134
0.7049 0.0182
0.7051 0.0134
0.7053 0.0087
0.7055 0.0087
0.7057 0.0134
0.7059 0.0087
0.7061 -0.0008
0.7063 -0.0008
0.7065 0.0039
0.7067 -0.0008
0.7069 -0.0103
0.7071 -0.0055
0.7073 -0.0008
0.7075 0.0039
0.7077 0.0039
0.7079 0.0087
0.7081 0.0134
0.7083 0.0134
0.7085 0.0087
0.7087 0.0134
0.7089 0.0134
0.7091 0.0134
0.7093 0.0039
0.7095 0.0039
0.7097 0.0039
0.7099 0.0039
0.7101 -0.0103
0.7103 -0.0055
0.7105 0.0039
0.7107 -0.0008
0.7109 -0.0008
0.7111 0.0039
0.7113 0.0087
0.7115 0.0087
0.7117 0.0087
0.7119 0.0134
0.7121 0.0182
0.7123 0.0182
0.7125 0.0087
0.7127 0.0087
0.7129 0.0087
0.7131 0.0039
0.7133 -0.0055
0.7135 -0.0055
0.7137 -0.0008
0.7139 -0.0008
0.7141 -0.0055
0.7143 -0.0055
0.7145 0.0039
0.7147 0.0039
0.7149 0.0039
0.7151 0.0087
0.7153 0.0134
0.7155 0.0134
0.7157 0.0087
0.7159 0.0134
0.7161 0.0134
0.7163 0.0087
0.7165 0.0039
0.7167 -0.0008
0.7169 0.0039
0.7171 -0.0008
0.7173 -0.0055
0.7175 -0.0055
0.7177 0.0039
0.7179 0.0039
0.7181 0.0039
0.7183 0.0039
0.7185 0.0134
0.7187 0.0134
0.7189 0.0087
0.7191 0.0134
0.7193 0.0182
0.7195 0.0134
0.7197 0.0087
0.7199 0.0039
0.7201 0.0087
0.7203 0.0039
0.7205 -0.0055
0.7207 -0.0055
0.7209 -0.0008
0.7211 -0.0008
0.7213 -0.0008
0.7215 -0.0008
0.7217 0.0039
0.7219 0.0087
0.7221 0.0087
0.7223 0.0134
0.7225 0.0134
0.7227 0.0134
0.7229 0.0087
0.7231 0.0087
0.7233 0.0087
0.7235 0.0087
0.7237 -0.0008
0.7239 -0.0008
0.7241 0.0039
0.7243 -0.0008
0.7245 -0.0055
0.7247 -0.0008
0.7249 0.0039
0.7251 0.0087
0.7253 0.0039
0.7255 0.0039
0.7257 0.0134
0.7259 0.0134
0.7261 0.0087
0.7263 0.0134
0.7265 0.0182
0.7267 0.0087
0.7269 0.0039
0.7271 0.0039
0.7273 0.0039
0.7275 -0.0008
0.7277 -0.0055
0.7279 -0.0055
0.7281 0.0039
0.7283 -0.0008
0.7285 -0.0008
0.7287 0.0039
0.7289 0.0087
0.7291 0.0087
0.7293 0.0087
0.7295 0.0134
0.7297 0.0182
0.7299 0.0134
0.7301 0.0087
0.7303 0.0087
0.7305 0.0087
0.7307 0.0039
0.7309 -0.0008
0.7311 -0.0055
0.7313 0.0039
0.7315 -0.0008
0.7317 -0.0055
0.7319 -0.0008
0.7321 0.0087
0.7323 0.0039
0.7325 0.0039
0.7327 0.0087
0.7329 0.0134
0.7331 0.0134
0.7333 0.0087
0.7335 0.0087
0.7337 0.0134
0.7339 0.0087
0.7341 -0.0008
0.7343 -0.0008
0.7345 0.0039
0.7347 -0.0008
0.7349 -0.0055
0.7351 -0.0055
0.7353 -0.0008
0.7355 -0.0008
0.7357 -0.0008
0.7359 0.0039
0.7361 0.0134
0.7363 0.0134
0.7365 0.0087
0.7367 0.0087
0.7369 0.0182
0.7371 0.0134
0.7373 0.0039
0.7375 0.0039
0.7377 0.0087
0.7379 0.0039
0.7381 -0.0055
0.7383 -0.0055
0.7385 -0.0008
0.7387 -0.0008
0.7389 -0.0055
0.7391 -0.0008
0.7393 0.0087
0.7395 0.0087
0.7397 0.0087
0.7399 0.0087
0.7401 0.0134
0.7403 0.0134
0.7405 0.0087
0.7407 0.0087
0.7409 0.0087
0.7411 0.0087
0.7413 -0.0008
0.7415 -0.0008
0.7417 0.0039
0.7419 -0.0008
0.7421 -0.0055
0.7423 -0.0055
0.7425 0.0039
0.7427 0.0039
0.7429 0.0039
0.7431 0.0087
0.7433 0.0134
0.7435 0.0134
0.7437 0.0087
0.7439 0.0087
0.7441 0.0134
0.7443 0.0087
0.7445 0.0039
0.7447 0.0039
0.7449 0.0087
0.7451 -0.0008
0.7453 -0.0055
0.7455 -0.0055
0.7457 0.0039
0.7459 0.0039
0.7461 -0.0008
0.7463 0.0039
0.7465 0.0087
0.7467 0.0087
0.7469 0.0087
0.7471 0.0087
0.7473 0.0182
0.7475 0.0134
0.7477 0.0087
0.7479 0.0087
0.7481 0.0087
0.7483 0.0039
0.7485 -0.0055
0.7487 -0.0008
0.7489 0.0039
0.7491 -0.0008
0.7493 -0.0055
0.7495 -0.0008
0.7497 0.0039
0.7499 0.0039
0.7501 0.0039
0.7503 0.0087
0.7505 0.0134
0.7507 0.0134
0.7509 0.0087
0.7511 0.0087
0.7513 0.0134
0.7515 0.0087
0.7517 -0.0008
0.7519 0.0039
0.7521 0.0039
0.7523 -0.0008
0.7525 -0.0055
0.7527 -0.0055
0.7529 -0.0008
0.7531 -0.0008
0.7533 -0.0008
0.7535 0.0039
0.7537 0.0134
0.7539 0.0134
0.7541 0.0087
0.7543 0.0134
0.7545 0.0134
0.7547 0.0134
0.7549 0.0039
0.7551 0.0087
0.7553 0.0087
0.7555 0.0039
0.7557 -0.0055
0.7560 -0.0008
0.7562 -0.0008
0.7564 -0.0008
0.7566 -0.0008
0.7568 0.0039
0.7570 0.0087
0.7572 0.0087
0.7574 0.0087
0.7576 0.0087
0.7578 0.0182
0.7580 0.0134
0.7582 0.0087
0.7584 0.0087
0.7586 0.0087
0.7588 0.0039
0.7590 -0.0008
0.7592 -0.0055
0.7594 0.0039
0.7596 -0.0008
0.7598 -0.0055
0.7600 -0.0008
0.7602 0.0087
0.7604 0.0039
0.7606 0.0039
0.7608 0.0087
0.7610 0.0134
0.7612 0.0134
0.7614 0.0087
0.7616 0.0087
0.7618 0.0182
0.7620 0.0087
0.7622 0.0039
0.7624 0.0039
0.7626 0.0039
0.7628 -0.0008
0.7630 -0.0055
0.7632 -0.0008
0.7634 0.0039
0.7636 -0.0008
0.7638 -0.0008
0.7640 0.0039
0.7642 0.0087
0.7644 0.0087
0.7646 0.0087
0.7648 0.0134
0.7650 0.0134
0.7652 0.0134
0.7654 0.0087
0.7656 0.0087
0.7658 0.0087
0.7660 0.0039
0.7662 -0.0055
0.7664 -0.0008
0.7666 -0.0008
0.7668 -0.0008
0.7670 -0.0055
0.7672 -0.0008
0.7674 0.0087
0.7676 0.0039
0.7678 0.0039
0.7680 0.0087
0.7682 0.0182
0.7684 0.0134
0.7686 0.0087
0.7688 0.0087
0.7690 0.0134
0.7692 0.0087
0.7694 -0.0008
0.7696 0.0039
0.7698 0.0039
0.7700 -0.0008
0.7702 -0.0055
0.7704 -0.0008
0.7706 0.0039
0.7708 0.0039
0.7710 -0.0008
0.7712 0.0087
0.7714 0.0134
0.7716 0.0134
0.7718 0.0087
0.7720 0.0134
0.7722 0.0182
0.7724 0.0087
0.7726 0.0039
0.7728 0.0039
0.7730 0.0039
0.7732 -0.0008
0.7734 -0.0055
0.7736 -0.0008
0.7738 0.0039
0.7740 -0.0008
0.7742 -0.0008
0.7744 0.0039
0.7746 0.0087
0.7748 0.0087
0.7750 0.0039
0.7752 0.0087
0.7754 0.0134
0.7756 0.0134
0.7758 0.0087
0.7760 0.0087
0.7762 0.0087
0.7764 0.0087
0.7766 -0.0008
0.7768 0.0039
0.7770 0.0039
0.7772 -0.0008
0.7774 -0.0055
0.7776 -0.0008
0.7778 0.0039
0.7780 0.0039
0.7782 0.0039
0.7784 0.0087
0.7786 0.0134
0.7788 0.0134
0.7790 0.0087
0.7792 0.0087
0.7794 0.0134
0.7796 0.0087
0.7798 0.0039
0.7800 0.0039
0.7802 0.0039
0.7804 -0.0008
0.7806 -0.0055
0.7808 -0.0008
0.7810 0.0039
0.7812 0.0039
0.7814 -0.0008
0.7816 0.0039
0.7818 0.0087
0.7820 0.0087
0.7822 0.0087
0.7824 0.0087
0.7826 0.0134
0.7828 0.0087
0.7830 0.0039
0.7832 0.0039
0.7834 0.0087
0.7836 0.0039
0.7838 -0.0008
0.7840 -0.0008
0.7842 0.0039
0.7844 -0.0008
0.7846 -0.0055
0.7848 -0.0008
0.7850 0.0039
0.7852 0.0087
0.7854 0.0039
0.7856 0.0087
0.7858 0.0134
0.7860 0.0087
0.7862 0.0087
0.7864 0.0087
0.7866 0.0134
0.7868 0.0087
0.7870 -0.0008
0.7872 0.0039
0.7874 0.0039
0.7876 -0.0008
0.7878 -0.0055
0.7880 -0.0008
0.7882 0.0039
0.7884 0.0039
0.7886 -0.0008
0.7888 0.0087
0.7890 0.0134
0.7892 0.0087
0.7894 0.0087
0.7896 0.0087
0.7898 0.0134
0.7900 0.0087
0.7902 0.0039
0.7904 0.0039
0.7906 0.0039
0.7908 -0.0008
0.7910 -0.0055
0.7912 -0.0008
0.7914 0.0039
0.7916 0.0039
0.7918 -0.0008
0.7920 0.0087
0.7922 0.0087
0.7924 0.0087
0.7926 0.0039
0.7928 0.0087
0.7930 0.0134
0.7932 0.0087
0.7934 0.0087
0.7936 0.0087
0.7938 0.0087
0.7940 0.0039
0.7942 -0.0008
0.7944 -0.0008
0.7946 0.0039
0.7948 -0.0008
0.7950 -0.0008
0.7952 0.0039
0.7954 0.0039
0.7956 0.0087
0.7958 0.0039
0.7960 0.0087
0.7962 0.0134
0.7964 0.0134
0.7966 0.0087
0.7968 0.0087
0.7970 0.0087
0.7972 0.0087
0.7974 -0.0008
0.7976 0.0039
0.7978 0.0039
0.7980 -0.0008
0.7982 -0.0055
0.7984 0.0039
0.7986 0.0039
0.7988 -0.0055
0.7990 -0.0008
0.7992 0.0087
0.7994 0.0087
0.7996 0.0087
0.7998 0.0087
0.8000 0.0134
0.8002 0.0134
0.8004 0.0087
0.8006 0.0039
0.8008 0.0039
0.8010 0.0087
0.8012 0.0039
0.8014 -0.0008
0.8016 -0.0008
0.8018 0.0039
0.8020 -0.0008
0.8022 -0.0008
0.8024 0.0039
0.8026 0.0087
0.8028 0.0087
0.8030 0.0039
0.8032 0.0134
0.8034 0.0134
0.8036 0.0134
0.8038 0.0087
0.8040 0.0134
0.8042 0.0134
0.8044 0.0039
0.8046 -0.0008
0.8048 0.0039
0.8050 0.0039
0.8052 -0.0008
0.8054 -0.0055
0.8056 0.0039
0.8058 0.0039
0.8060 0.0039
0.8062 0.0039
0.8064 0.0087
0.8066 0.0134
0.8068 0.0087
0.8070 0.0087
0.8072 0.0087
0.8074 0.0087
0.8076 0.0087
0.8078 0.0039
0.8080 0.0087
0.8082 0.0039
0.8084 0.0039
0.8086 -0.0008
0.8088 -0.0008
0.8090 0.0039
0.8092 0.0039
0.8094 -0.0008
0.8096 0.0039
0.8098 0.0087
0.8100 0.0087
0.8102 0.0087
0.8104 0.0087
0.8106 0.0134
0.8108 0.0087
0.8110 0.0087
0.8112 0.0087
0.8114 0.0087
0.8116 0.0039
0.8118 -0.0008
0.8120 0.0039
0.8122 0.0039
0.8124 -0.0008
0.8126 -0.0055
0.8128 0.0039
0.8130 0.0087
0.8132 0.0039
0.8134 0.0039
0.8136 0.0087
0.8138 0.0134
0.8140 0.0087
0.8142 0.0087
0.8144 0.0134
0.8146 0.0134
0.8148 0.0087
0.8150 0.0039
0.8152 0.0039
0.8154 0.0039
0.8156 -0.0055
0.8158 -0.0008
0.8160 0.0039
0.8162 0.0039
0.8164 -0.0008
0.8166 -0.0008
0.8168 0.0087
0.8170 0.0087
0.8172 0.0087
0.8174 0.0087
0.8176 0.0087
0.8178 0.0134
0.8180 0.0087
0.8182 0.0039
0.8184 0.0039
0.8186 0.0087
0.8188 0.0039
0.8190 -0.0055
0.8192 0.0039
0.8194 0.0039
0.8196 -0.0008
0.8198 -0.0008
0.8200 0.0039
0.8202 0.0039
0.8204 0.0039
0.8206 0.0087
0.8208 0.0134
0.8210 0.0134
0.8212 0.0087
0.8214 0.0087
0.8217 0.0087
0.8219 0.0087
0.8221 0.0039
0.8223 0.0039
0.8225 -0.0008
0.8227 0.0039
0.8229 -0.0008
0.8231 -0.0008
0.8233 0.0039
0.8235 0.0039
0.8237 0.0039
0.8239 0.0039
0.8241 0.0087
0.8243 0.0134
0.8245 0.0087
0.8247 0.0087
0.8249 0.0087
0.8251 0.0039
0.8253 0.0087
0.8255 0.0039
0.8257 0.0087
0.8259 0.0039
0.8261 -0.0008
0.8263 -0.0055
0.8265 -0.0008
0.8267 -0.0008
0.8269 -0.0008
0.8271 -0.0008
0.8273 0.0087
0.8275 0.0087
0.8277 0.0039
0.8279 0.0087
0.8281 0.0134
0.8283 0.0134
0.8285 0.0087
0.8287 0.0087
0.8289 0.0087
0.8291 0.0087
0.8293 -0.0008
0.8295 -0.0008
0.8297 0.0039
0.8299 0.0039
0.8301 -0.0008
0.8303 -0.0008
0.8305 0.0039
0.8307 0.0039
0.8309 0.0039
0.8311 0.0039
0.8313 0.0087
0.8315 0.0134
0.8317 0.0087
0.8319 0.0087
0.8321 0.0087
0.8323 0.0087
0.8325 0.0039
0.8327 0.0039
0.8329 0.0039
0.8331 0.0039
0.8333 -0.0008
0.8335 -0.0008
0.8337 0.0039
0.8339 0.0039
0.8341 -0.0008
0.8343 -0.0008
0.8345 0.0039
0.8347 0.0134
0.8349 0.0039
0.8351 0.0087
0.8353 0.0134
0.8355 0.0134
0.8357 0.0087
0.8359 0.0087
0.8361 0.0087
0.8363 0.0087
0.8365 -0.0008
0.8367 -0.0008
0.8369 0.0039
0.8371 0.0039
0.8373 -0.0008
0.8375 -0.0008
0.8377 0.0087
0.8379 0.0087
0.8381 0.0039
0.8383 0.0039
0.8385 0.0134
0.8387 0.0134
0.8389 0.0087
0.8391 0.0087
0.8393 0.0087
0.8395 0.0087
0.8397 0.0039
0.8399 -0.0008
0.8401 0.0039
0.8403 0.0039
0.8405 -0.0008
0.8407 -0.0008
0.8409 0.0039
0.8411 0.0039
0.8413 -0.0008
0.8415 0.0039
0.8417 0.0087
0.8419 0.0134
0.8421 0.0087
0.8423 0.0087
0.8425 0.0134
0.8427 0.0087
0.8429 0.0039
0.8431 0.0039
0.8433 0.0039
0.8435 0.0039
0.8437 0.0039
0.8439 -0.0008
0.8441 -0.0008
0.8443 0.0039
0.8445 -0.0008
0.8447 -0.0008
0.8449 0.0087
0.8451 0.0087
0.8453 0.0039
0.8455 0.0087
0.8457 0.0134
0.8459 0.0134
0.8461 0.0087
0.8463 0.0039
0.8465 0.0087
0.8467 0.0087
0.8469 0.0039
0.8471 -0.0008
0.8473 0.0039
0.8475 0.0039
0.8477 -0.0008
0.8479 -0.0055
0.8481 0.0087
0.8483 0.0039
0.8485 0.0039
0.8487 0.0039
0.8489 0.0087
0.8491 0.0134
0.8493 0.0087
0.8495 0.0087
0.8497 0.0134
0.8499 0.0087
0.8501 0.0039
0.8503 0.0039
0.8505 0.0039
0.8507 0.0039
0.8509 -0.0008
0.8511 -0.0008
0.8513 0.0039
0.8515 0.0039
0.8517 -0.0008
0.8519 0.0039
0.8521 0.0087
0.8523 0.0087
0.8525 0.0039
0.8527 0.0087
0.8529 0.0134
0.8531 0.0087
0.8533 0.0039
0.8535 0.0039
0.8537 0.0087
0.8539 0.0039
0.8541 -0.0008
0.8543 -0.0008
0.8545 0.0039
0.8547 0.0039
0.8549 -0.0008
0.8551 -0.0008
0.8553 0.0087
0.8555 0.0087
0.8557 0.0039
0.8559 0.0087
0.8561 0.0134
0.8563 0.0134
0.8565 0.0039
0.8567 0.0087
0.8569 0.0134
0.8571 0.0087
0.8573 -0.0008
0.8575 0.0039
0.8577 0.0039
0.8579 0.0039
0.8581 -0.0008
0.8583 -0.0008
0.8585 0.0039
0.8587 0.0039
0.8589 -0.0008
0.8591 0.0087
0.8593 0.0087
0.8595 0.0087
0.8597 0.0039
0.8599 0.0087
0.8601 0.0134
0.8603 0.0087
0.8605 0.0039
0.8607 0.0039
0.8609 0.0087
0.8611 0.0039
0.8613 -0.0008
0.8615 -0.0008
0.8617 0.0039
0.8619 0.0039
0.8621 -0.0008
0.8623 0.0039
0.8625 0.0087
0.8627 0.0087
0.8629 0.0039
0.8631 0.0087
0.8633 0.0134
0.8635 0.0087
0.8637 0.0039
0.8639 0.0087
0.8641 0.0087
0.8643 0.0039
0.8645 -0.0008
0.8647 -0.0008
0.8649 0.0039
0.8651 0.0039
0.8653 -0.0055
0.8655 -0.0008
0.8657 0.0039
0.8659 0.0087
0.8661 0.0039
0.8663 0.0039
0.8665 0.0134
0.8667 0.0087
0.8669 0.0087
0.8671 0.0087
0.8673 0.0134
0.8675 0.0087
0.8677 -0.0008
0.8679 0.0039
0.8681 0.0087
0.8683 0.0039
0.8685 -0.0008
0.8687 -0.0008
0.8689 0.0039
0.8691 0.0039
0.8693 0.0039
0.8695 0.0039
0.8697 0.0087
0.8699 0.0087
0.8701 0.0039
0.8703 0.0087
0.8705 0.0134
0.8707 0.0087
0.8709 0.0039
0.8711 0.0039
0.8713 0.0087
0.8715 0.0039
0.8717 0.0039
0.8719 0.0039
0.8721 0.0039
0.8723 0.0039
0.8725 -0.0055
0.8727 -0.0008
0.8729 0.0087
0.8731 0.0087
0.8733 0.0039
0.8735 0.0087
0.8737 0.0134
0.8739 0.0134
0.8741 0.0087
0.8743 0.0039
0.8745 0.0134
0.8747 0.0087
0.8749 -0.0008
0.8751 0.0039
0.8753 0.0087
0.8755 0.0039
0.8757 -0.0008
0.8759 -0.0008
0.8761 0.0087
0.8763 0.0039
0.8765 0.0039
0.8767 0.0039
0.8769 0.0087
0.8771 0.0087
0.8773 0.0039
0.8775 0.0087
0.8777 0.0134
0.8779 0.0087
0.8781 0.0039
0.8783 0.0039
0.8785 0.0039
0.8787 0.0039
0.8789 -0.0008
0.8791 0.0039
0.8793 0.0039
0.8795 0.0039
0.8797 -0.0008
0.8799 0.0039
0.8801 0.0087
0.8803 0.0087
0.8805 0.0039
0.8807 0.0087
0.8809 0.0134
0.8811 0.0087
0.8813 0.0087
0.8815 0.0087
0.8817 0.0087
0.8819 0.0039
0.8821 -0.0008
0.8823 -0.0008
0.8825 0.0039
0.8827 -0.0008
0.8829 -0.0008
0.8831 0.0039
0.8833 0.0087
0.8835 0.0039
0.8837 0.0039
0.8839 0.0039
0.8841 0.0087
0.8843 0.0134
0.8845 0.0039
0.8847 0.0087
0.8849 0.0087
0.8851 0.0087
0.8853 0.0039
0.8855 0.0039
0.8857 0.0039
0.8859 0.0039
0.8861 -0.0008
0.8863 -0.0008
0.8865 0.0039
0.8867 -0.0008
0.8869 0.0039
0.8871 0.0039
0.8874 0.0087
0.8876 0.0087
0.8878 0.0039
0.8880 0.0087
0.8882 0.0087
0.8884 0.0087
0.8886 0.0039
0.8888 0.0039
0.8890 0.0087
0.8892 0.0039
0.8894 -0.0008
0.8896 -0.0008
0.8898 0.0039
0.8900 0.0039
0.8902 -0.0008
0.8904 0.0039
0.8906 0.0087
0.8908 0.0087
0.8910 0.0039
0.8912 0.0087
0.8914 0.0134
0.8916 0.0087
0.8918 0.0039
0.8920 0.0087
0.8922 0.0087
0.8924 0.0087
0.8926 0.0039
0.8928 0.0039
0.8930 0.0039
0.8932 0.0039
0.8934 -0.0055
0.8936 0.0039
0.8938 0.0039
0.8940 0.0039
0.8942 0.0039
0.8944 0.0039
0.8946 0.0087
0.8948 0.0087
0.8950 0.0087
0.8952 0.0087
0.8954 0.0134
0.8956 0.0087
0.8958 0.0039
0.8960 0.0039
0.8962 0.0087
0.8964 0.0039
0.8966 -0.0008
0.8968 0.0039
0.8970 0.0039
0.8972 -0.0008
0.8974 -0.0008
0.8976 0.0039
0.8978 0.0087
0.8980 0.0087
0.8982 0.0039
0.8984 0.0087
0.8986 0.0134
0.8988 0.0087
0.8990 0.0039
0.8992 0.0087
0.8994 0.0087
0.8996 0.0039
0.8998 -0.0008
0.9000 0.0039
0.9002 -0.0008
0.9004 0.0039
0.9006 -0.0008
0.9008 0.0039
0.9010 0.0087
0.9012 0.0039
0.9014 0.0039
0.9016 0.0087
0.9018 0.0134
0.9020 0.0087
0.9022 0.0087
0.9024 0.0087
0.9026 0.0134
0.9028 0.0087
0.9030 -0.0008
0.9032 0.0039
0.9034 0.0039
0.9036 0.0039
0.9038 -0.0008
0.9040 -0.0008
0.9042 0.0039
0.9044 0.0039
0.9046 -0.0008
0.9048 0.0039
0.9050 0.0087
0.9052 0.0087
0.9054 0.0039
0.9056 0.0087
0.9058 0.0134
0.9060 0.0087
0.9062 0.0039
0.9064 0.0039
0.9066 0.0087
0.9068 0.0039
0.9070 -0.0008
0.9072 0.0039
0.9074 0.0039
0.9076 -0.0008
0.9078 -0.0008
0.9080 0.0039
0.9082 0.0087
0.9084 0.0039
0.9086 0.0039
0.9088 0.0087
0.9090 0.0134
0.9092 0.0087
0.9094 0.0039
0.9096 0.0087
0.9098 0.0087
0.9100 0.0039
0.9102 0.0039
0.9104 -0.0008
0.9106 0.0039
0.9108 -0.0008
0.9110 -0.0008
0.9112 -0.0008
0.9114 0.0087
0.9116 0.0087
0.9118 0.0039
0.9120 0.0087
0.9122 0.0087
0.9124 0.0087
0.9126 0.0039
0.9128 0.0087
0.9130 0.0087
0.9132 0.0087
0.9134 0.0039
0.9136 0.0039
0.9138 0.0087
0.9140 0.0039
0.9142 -0.0008
0.9144 0.0039
0.9146 0.0039
0.9148 0.0039
0.9150 -0.0008
0.9152 0.0039
0.9154 0.0087
0.9156 0.0087
0.9158 0.0039
0.9160 0.0087
0.9162 0.0134
0.9164 0.0087
0.9166 0.0087
0.9168 0.0087
0.9170 0.0087
0.9172 0.0039
0.9174 -0.0008
0.9176 -0.0008
0.9178 0.0039
0.9180 -0.0008
0.9182 -0.0008
0.9184 0.0039
0.9186 0.0087
0.9188 0.0039
0.9190 0.0039
0.9192 0.0087
0.9194 0.0087
0.9196 0.0087
0.9198 0.0039
0.9200 0.0087
0.9202 0.0087
0.9204 0.0039
0.9206 -0.0008
0.9208 0.0039
0.9210 0.0039
0.9212 0.0039
0.9214 -0.0008
0.9216 0.0039
0.9218 0.0039
0.9220 0.0039
0.9222 -0.0008
0.9224 0.0087
0.9226 0.0087
0.9228 0.0087
0.9230 0.0039
0.9232 0.0087
0.9234 0.0087
0.9236 0.0087
0.9238 0.0039
0.9240 0.0087
0.9242 0.0087
0.9244 0.0039
0.9246 -0.0008
0.9248 -0.0008
0.9250 0.0087
0.9252 0.0039
0.9254 -0.0008
0.9256 0.0039
0.9258 0.0087
0.9260 0.0087
0.9262 0.0039
0.9264 0.0087
0.9266 0.0134
0.9268 0.0087
0.9270 0.0039
0.9272 0.0087
0.9274 0.0087
0.9276 0.0039
0.9278 -0.0008
0.9280 0.0039
0.9282 0.0039
0.9284 0.0039
0.9286 -0.0008
0.9288 0.0039
0.9290 0.0087
0.9292 0.0039
0.9294 -0.0008
0.9296 0.0039
0.9298 0.0134
0.9300 0.0087
0.9302 0.0039
0.9304 0.0134
0.9306 0.0087
0.9308 0.0087
0.9310 0.0039
0.9312 0.0039
0.9314 0.0087
0.9316 0.0039
0.9318 -0.0008
0.9320 0.0039
0.9322 0.0039
0.9324 0.0039
0.9326 -0.0008
0.9328 0.0039
0.9330 0.0087
0.9332 0.0039
0.9334 0.0039
0.9336 0.0087
0.9338 0.0134
0.9340 0.0087
0.9342 0.0039
0.9344 0.0039
0.9346 0.0087
0.9348 0.0039
0.9350 -0.0008
0.9352 0.0039
0.9354 0.0039
0.9356 0.0039
0.9358 -0.0055
0.9360 0.0039
0.9362 0.0087
0.9364 0.0087
0.9366 0.0039
0.9368 0.0087
0.9370 0.0087
0.9372 0.0039
0.9374 0.0087
0.9376 0.0087
0.9378 0.0087
0.9380 0.0087
0.9382 -0.0008
0.9384 0.0039
0.9386 0.0039
0.9388 0.0039
0.9390 -0.0008
0.9392 -0.0008
0.9394 0.0039
0.9396 0.0039
0.9398 0.0039
0.9400 0.0039
0.9402 0.0087
0.9404 0.0087
0.9406 0.0039
0.9408 0.0087
0.9410 0.0087
0.9412 0.0039
0.9414 0.0039
0.9416 0.0039
0.9418 0.0087
0.9420 -0.0008
0.9422 -0.0008
0.9424 0.0039
0.9426 0.0039
0.9428 -0.0008
0.9430 -0.0008
0.9432 0.0039
0.9434 0.0087
0.9436 0.0039
0.9438 0.0039
0.9440 0.0087
0.9442 0.0087
0.9444 0.0087
0.9446 0.0039
0.9448 0.0087
0.9450 0.0087
0.9452 0.0039
0.9454 -0.0008
0.9456 0.0087
0.9458 0.0039
0.9460 0.0039
0.9462 -0.0008
0.9464 0.0039
0.9466 0.0087
0.9468 0.0039
0.9470 0.0039
0.9472 0.0087
0.9474 0.0087
0.9476 0.0039
0.9478 0.0039
0.9480 0.0087
0.9482 0.0087
0.9484 0.0039
0.9486 0.0039
0.9488 0.0039
0.9490 0.0039
0.9492 -0.0008
0.9494 -0.0008
0.9496 -0.0008
0.9498 0.0039
0.9500 0.0039
0.9502 -0.0008
0.9504 0.0039
0.9506 0.0087
0.9508 0.0087
0.9510 0.0039
0.9512 0.0087
0.9514 0.0087
0.9516 0.0087
0.9518 0.0039
0.9520 0.0087
0.9522 0.0087
0.9524 0.0039
0.9526 -0.0008
0.9528 0.0039
0.9531 0.0039
0.9533 -0.0008
0.9535 -0.0008
0.9537 0.0039
0.9539 0.0087
0.9541 0.0087
0.9543 0.0039
0.9545 0.0087
0.9547 0.0087
0.9549 0.0087
0.9551 0.0039
0.9553 0.0087
0.9555 0.0087
0.9557 0.0039
0.9559 -0.0008
0.9561 0.0039
0.9563 0.0039
0.9565 0.0039
0.9567 -0.0008
0.9569 0.0039
0.9571 0.0039
0.9573 0.0039
0.9575 0.0039
0.9577 0.0087
0.9579 0.0087
0.9581 -0.0008
0.9583 0.0039
0.9585 0.0087
0.9587 0.0134
0.9589 0.0039
0.9591 0.0039
0.9593 0.0087
0.9595 0.0087
0.9597 0.0039
0.9599 -0.0008
0.9601 0.0039
0.9603 0.0039
0.9605 0.0039
0.9607 -0.0008
0.9609 0.0039
0.9611 0.0087
0.9613 0.0039
0.9615 0.0039
0.9617 0.0087
0.9619 0.0087
0.9621 0.0087
0.9623 0.0039
0.9625 0.0087
0.9627 0.0087
0.9629 0.0039
0.9631 -0.0008
0.9633 0.0039
0.9635 0.0039
0.9637 -0.0008
0.9639 -0.0008
0.9641 0.0039
0.9643 0.0039
0.9645 -0.0008
0.9647 0.0039
0.9649 0.0087
0.9651 0.0087
0.9653 0.0039
0.9655 0.0039
0.9657 0.0039
0.9659 0.0087
0.9661 0.0039
0.9663 0.0039
0.9665 0.0087
0.9667 0.0039
0.9669 0.0039
0.9671 -0.0008
0.9673 0.0039
0.9675 0.0039
0.9677 0.0039
0.9679 0.0039
0.9681 0.0087
0.9683 0.0087
0.9685 0.0039
0.9687 0.0039
0.9689 0.0087
0.9691 0.0087
0.9693 0.0039
0.9695 0.0039
0.9697 0.0087
0.9699 0.0087
0.9701 0.0039
0.9703 -0.0008
0.9705 0.0039
0.9707 0.0039
0.9709 -0.0008
0.9711 -0.0008
0.9713 0.0039
0.9715 0.0039
0.9717 0.0039
0.9719 0.0039
0.9721 0.0087
0.9723 0.0087
0.9725 0.0039
0.9727 0.0039
0.9729 0.0087
0.9731 0.0087
0.9733 0.0039
0.9735 0.0039
0.9737 0.0039
0.9739 0.0039
0.9741 -0.0008
0.9743 -0.0008
0.9745 0.0087
0.9747 0.0039
0.9749 -0.0008
0.9751 0.0039
0.9753 0.0039
0.9755 0.0087
0.9757 0.0039
0.9759 0.0039
0.9761 0.0087
0.9763 0.0087
0.9765 0.0039
0.9767 0.0039
0.9769 0.0087
0.9771 0.0087
0.9773 -0.0008
0.9775 -0.0008
0.9777 0.0039
0.9779 0.0087
0.9781 -0.0008
0.9783 -0.0008
0.9785 0.0087
0.9787 0.0087
0.9789 0.0039
0.9791 0.0087
0.9793 0.0087
0.9795 0.0087
0.9797 0.0039
0.9799 0.0039
0.9801 0.0087
0.9803 0.0087
0.9805 -0.0008
0.9807 0.0039
0.9809 0.0087
0.9811 0.0039
0.9813 0.0039
0.9815 0.0039
0.9817 0.0039
0.9819 0.0087
0.9821 0.0039
0.9823 0.0039
0.9825 0.0087
0.9827 0.0087
0.9829 0.0087
0.9831 0.0087
0.9833 0.0087
0.9835 0.0087
0.9837 0.0039
0.9839 0.0039
0.9841 0.0087
0.9843 0.0039
0.9845 -0.0008
0.9847 0.0039
0.9849 0.0039
0.9851 0.0039
0.9853 0.0039
0.9855 0.0039
0.9857 0.0087
0.9859 0.0087
0.9861 0.0039
0.9863 0.0087
0.9865 0.0087
0.9867 0.0087
0.9869 0.0039
0.9871 0.0039
0.9873 0.0087
0.9875 0.0087
0.9877 -0.0008
0.9879 -0.0008
0.9881 0.0039
0.9883 0.0087
0.9885 -0.0008
0.9887 -0.0008
0.9889 0.0087
0.9891 0.0039
0.9893 0.0039
0.9895 0.0039
0.9897 0.0087
0.9899 0.0087
0.9901 0.0039
0.9903 0.0087
0.9905 0.0087
0.9907 0.0087
0.9909 0.0039
0.9911 0.0039
0.9913 0.0087
0.9915 0.0039
0.9917 -0.0008
0.9919 -0.0008
0.9921 0.0039
0.9923 0.0039
0.9925 0.0039
0.9927 -0.0008
0.9929 0.0087
0.9931 0.0087
0.9933 0.0039
0.9935 0.0087
0.9937 0.0087
0.9939 0.0087
0.9941 0.0039
0.9943 0.0039
0.9945 0.0087
0.9947 0.0039
0.9949 -0.0008
0.9951 0.0039
0.9953 0.0087
0.9955 0.0039
0.9957 -0.0008
0.9959 0.0039
0.9961 0.0087
0.9963 0.0039
0.9965 0.0039
0.9967 0.0087
0.9969 0.0087
0.9971 0.0087
0.9973 0.0039
0.9975 0.0087
0.9977 0.0087
0.9979 0.0087
0.9981 -0.0008
0.9983 0.0039
0.9985 0.0039
0.9987 0.0039
0.9989 -0.0008
0.9991 -0.0008
0.9993 0.0039
0.9995 0.0039
0.9997 -0.0008
0.9999 0.0039
   1


